1.000000000000000000e+00 2.868553498925289702e+01 3.195833583185257343e+00 1.848608491912534291e+01 3.855816641289282387e+01 3.073428891368870453e+01 2.277201326599726983e+01
2.000000000000000000e+00 2.888420613783970126e+01 2.593661766746852226e+00 1.853567629566579100e+01 4.021560399794861240e+01 2.914210677659865212e+01 2.272706746487864038e+01
3.000000000000000000e+00 2.906985193701212467e+01 1.984270547452798183e+00 1.858790946139896505e+01 4.177940230040955072e+01 2.749627481232829851e+01 2.267612163842119344e+01
4.000000000000000000e+00 2.924222788777793269e+01 1.367884605233902651e+00 1.864280552356671095e+01 4.324830093565692835e+01 2.580188951002413944e+01 2.261932229453914545e+01
5.000000000000000000e+00 2.940108889830774430e+01 7.447357837087037469e-01 1.870038653822089358e+01 4.462134052884432123e+01 2.406402229348826438e+01 2.255682230785443920e+01
6.000000000000000000e+00 2.954618939402570277e+01 1.150633727904912945e-01 1.876067551560969449e+01 4.589785417136451429e+01 2.228770229997311247e+01 2.248878030519234983e+01
7.000000000000000000e+00 2.967728344156475728e+01 -5.208856036447880866e-01 1.882369642549711841e+01 4.707745794865832067e+01 2.047790018351620134e+01 2.241536005516884700e+01
8.000000000000000000e+00 2.979412488716574359e+01 -1.162856095291209479e+00 1.888947420238612906e+01 4.816004064554213926e+01 1.863951297954488595e+01 2.233672986470600108e+01
9.000000000000000000e+00 2.989646751011677495e+01 -1.810584728436354540e+00 1.895803475061305932e+01 4.914575273442019920e+01 1.677735005759226539e+01 2.225306198510475753e+01
1.000000000000000000e+01 2.998406519184898045e+01 -2.463799504796894357e+00 1.902940494927913306e+01 5.003499475008725028e+01 1.489612017953975354e+01 2.216453203009047002e+01
1.100000000000000000e+01 3.005667210132158118e+01 -3.122219496520931781e+00 1.910361265698218247e+01 5.082840515239971779e+01 1.300041967189904923e+01 2.207131840802817990e+01
1.200000000000000000e+01 3.011404289734724316e+01 -3.785554537747618298e+00 1.918068671630924271e+01 5.152684777497890423e+01 1.109472171231609394e+01 2.197360177028274464e+01
1.300000000000000000e+01 3.015593294852470052e+01 -4.453504913152878331e+00 1.926065695804765454e+01 5.213139895440269100e+01 9.183366722760974099e+00 2.187156447747832999e+01
1.400000000000000000e+01 3.018209857146198161e+01 -5.125761043951093221e+00 1.934355420506967249e+01 5.264333443011997815e+01 7.270553854788121662e+00 2.176539008519244334e+01
1.500000000000000000e+01 3.019229728798859469e+01 -5.802003171866323861e+00 1.942941027584246783e+01 5.306411610067286944e+01 5.360333545828382285e+00 2.165526285040429499e+01
1.600000000000000000e+01 3.018628810206866220e+01 -6.481901041633225447e+00 1.951825798751226770e+01 5.339537871681605452e+01 3.456601119717527926e+00 2.154136725980774969e+01
1.700000000000000000e+01 3.016383179714003404e+01 -7.165113582637275158e+00 1.961013115850788679e+01 5.363891658685901120e+01 1.563091399574414675e+00 2.142388758089632006e+01
1.800000000000000000e+01 3.012469125461510444e+01 -7.851288590356446662e+00 1.970506461060545078e+01 5.379667036409538383e+01 -3.166257032913376013e-01 2.130300743653292628e+01
1.900000000000000000e+01 3.006863179428901489e+01 -8.540062408322217635e+00 1.980309417039262598e+01 5.387071398060201943e+01 -2.179148664551626702e+00 2.117890940353274942e+01
2.000000000000000000e+01 2.999542153740848249e+01 -9.231059611376421614e+00 1.990425667006643096e+01 5.386324178604233737e+01 -4.021246929386654401e+00 2.105177463561177476e+01
2.100000000000000000e+01 2.990483179315940276e+01 -9.923892691062679461e+00 2.000858994749488318e+01 5.377655594445938192e+01 -5.839862648208700158e+00 2.092178251089003993e+01
2.200000000000000000e+01 2.979663746933530888e+01 -1.061816174405677593e+01 2.011613284546862701e+01 5.361305413644794982e+01 -7.632111613423241181e+00 2.078911030398604609e+01
2.300000000000000000e+01 2.967061750794856323e+01 -1.131345416460882980e+01 2.022692521006383615e+01 5.337521760859132058e+01 -9.395283446528980065e+00 2.065393288259722837e+01
2.400000000000000000e+01 2.952655534654345360e+01 -1.200934434204287804e+01 2.034100788803359805e+01 5.306559960668953835e+01 -1.112684108582096520e+01 2.051642242833315422e+01
2.500000000000000000e+01 2.936423940596479909e+01 -1.270539336443498968e+01 2.045842272313963051e+01 5.268681422411815163e+01 -1.282441962545730441e+01 2.037674818145007194e+01
2.600000000000000000e+01 2.918346360532606099e+01 -1.340114872967079762e+01 2.057921255133160088e+01 5.224152569167848270e+01 -1.448582455672407932e+01 2.023507620903120241e+01
2.700000000000000000e+01 2.898402790490660763e+01 -1.409614406516578278e+01 2.070342119467589370e+01 5.173243813054928353e+01 -1.610902946201915142e+01 2.009156919606250824e+01
2.800000000000000000e+01 2.876573887769129456e+01 -1.478989885761878575e+01 2.083109345393009093e+01 5.116228578545413797e+01 -1.769217321141640298e+01 1.994638625877227511e+01
2.900000000000000000e+01 2.852841031024052398e+01 -1.548191819425838389e+01 2.096227509965407165e+01 5.053382375092850509e+01 -1.923355671070524764e+01 1.979968277953167899e+01
3.000000000000000000e+01 2.827186383355336829e+01 -1.617169251713621136e+01 2.109701286174272994e+01 4.984981919961681740e+01 -2.073163924856169160e+01 1.965161026255193377e+01
3.100000000000000000e+01 2.799592958455032843e+01 -1.685869739211729268e+01 2.123535441725903539e+01 4.911304311786646082e+01 -2.218503448903893371e+01 1.950231620956491696e+01
3.200000000000000000e+01 2.770044689876403154e+01 -1.754239329431802474e+01 2.137734837644011066e+01 4.832626255050453068e+01 -2.359250615389456840e+01 1.935194401463117941e+01
3.300000000000000000e+01 2.738526503477853069e+01 -1.822222541184580180e+01 2.152304426674262672e+01 4.749223335359902620e+01 -2.495296343744215406e+01 1.920063287718912548e+01
3.400000000000000000e+01 2.705024393090466717e+01 -1.889762346980022656e+01 2.167249251478688521e+01 4.661369345120188257e+01 -2.626545619464643266e+01 1.904851773243432689e+01
3.500000000000000000e+01 2.669525499451739492e+01 -1.956800157660510209e+01 2.182574442605247356e+01 4.569335658955380097e+01 -2.752916994111461335e+01 1.889572919810266782e+01
3.600000000000000000e+01 2.632018192441092097e+01 -2.023275809485202359e+01 2.198285216217111326e+01 4.473390657998447750e+01 -2.874342070149047501e+01 1.874239353672218655e+01
3.700000000000000000e+01 2.592492156644908619e+01 -2.089127553894964251e+01 2.214386871565540105e+01 4.373799201976339646e+01 -2.990764974056292047e+01 1.858863263239661023e+01
3.800000000000000000e+01 2.550938480270037445e+01 -2.154292050198886699e+01 2.230884788189456458e+01 4.270822147842854122e+01 -3.102141820917578841e+01 1.843456398118657447e+01
3.900000000000000000e+01 2.507349747414861696e+01 -2.218704361435107941e+01 2.247784422824134509e+01 4.164715913564031524e+01 -3.208440173479569069e+01 1.828030069416460179e+01
4.000000000000000000e+01 2.461720133696194068e+01 -2.282297953670419233e+01 2.265091306000622140e+01 4.055732085535221643e+01 -3.309638498437330156e+01 1.812595151223271372e+01
4.100000000000000000e+01 2.414045505218138032e+01 -2.345004699015023064e+01 2.282811038316763685e+01 3.944117068005414239e+01 -3.405725622494127691e+01 1.797162083181000369e+01
4.200000000000000000e+01 2.364323520856000016e+01 -2.406754882640622739e+01 2.300949286359959345e+01 3.830111772800852776e+01 -3.496700190524001783e+01 1.781740874051905621e+01
4.300000000000000000e+01 2.312553737813708210e+01 -2.467477214101766236e+01 2.319511778260970303e+01 3.713951347575137873e+01 -3.582570127956444850e+01 1.766341106202420264e+01
4.400000000000000000e+01 2.258737720397486370e+01 -2.527098843271982886e+01 2.338504298857376895e+01 3.595864940765687123e+01 -3.663352109299285075e+01 1.750971940920258163e+01
4.500000000000000000e+01 2.202879151931304946e+01 -2.585545381217525573e+01 2.357932684444473992e+01 3.476075501404707779e+01 -3.739071034519524517e+01 1.735642124485769955e+01
4.600000000000000000e+01 2.144983949721022043e+01 -2.642740926342659336e+01 2.377802817090689302e+01 3.354799611915967716e+01 -3.809759514814204806e+01 1.720359994921703262e+01
4.700000000000000000e+01 2.085060382953941627e+01 -2.698608096150869429e+01 2.398120618493842926e+01 3.232247352024344167e+01 -3.875457369123429885e+01 1.705133489348705567e+01
4.800000000000000000e+01 2.023119193398853710e+01 -2.753068064976475071e+01 2.418892043353858057e+01 3.108622191913152477e+01 -3.936211132567374449e+01 1.689970151877319537e+01
4.900000000000000000e+01 1.959173718748250081e+01 -2.806040608050470553e+01 2.440123072236852408e+01 2.984120912782289992e+01 -3.992073577827800790e+01 1.674877141970614502e+01
5.000000000000000000e+01 1.893240018419438186e+01 -2.857444152272890392e+01 2.461819703904881251e+01 2.858933552987717874e+01 -4.043103250342544186e+01 1.659861243215063453e+01
5.100000000000000000e+01 1.825337001604572862e+01 -2.907195834071661267e+01 2.483987947084983361e+01 2.733243377978286048e+01 -4.089364018039378834e+01 1.644928872440748080e+01
5.200000000000000000e+01 1.755486557331135344e+01 -2.955211564734318230e+01 2.506633811650619137e+01 2.607226872288367403e+01 -4.130924636202609435e+01 1.630086089135432559e+01
5.300000000000000000e+01 1.683713686264243137e+01 -3.001406103604213982e+01 2.529763299188106274e+01 2.481053751893222170e+01 -4.167858327942587948e+01 1.615338605100484060e+01
5.400000000000000000e+01 1.610046633950068440e+01 -3.045693139536551541e+01 2.553382392920181587e+01 2.354886995287250784e+01 -4.200242380624109018e+01 1.600691794299995863e+01
5.500000000000000000e+01 1.534517025165919080e+01 -3.087985381011705144e+01 2.577497046958490401e+01 2.228882891702866331e+01 -4.228157758504652719e+01 1.586150702857738892e+01
5.600000000000000000e+01 1.457159999006866968e+01 -3.128194655303516569e+01 2.602113174856523159e+01 2.103191104948386325e+01 -4.251688731737396409e+01 1.571720059159882865e+01
5.700000000000000000e+01 1.378014344301487171e+01 -3.166232017098486295e+01 2.627236637434368660e+01 1.977954751406479161e+01 -4.270922521805980665e+01 1.557404284024458718e+01
5.800000000000000000e+01 1.297122634910082262e+01 -3.202007866957567472e+01 2.652873229846550274e+01 1.853310490799894339e+01 -4.285948963378885423e+01 1.543207500901667650e+01
5.900000000000000000e+01 1.214531364418098747e+01 -3.235432080005756461e+01 2.679028667864368529e+01 1.729388628397279248e+01 -4.296860182499261072e+01 1.529133546071999561e+01
6.000000000000000000e+01 1.130291079694868905e+01 -3.266414145225176213e+01 2.705708573344331569e+01 1.606313227398864285e+01 -4.303750290962219793e+01 1.515185978811960688e+01
6.100000000000000000e+01 1.044456512744043941e+01 -3.294863315714873409e+01 2.732918458854642196e+01 1.484202230308850723e+01 -4.306715096674259513e+01 1.501368091499917590e+01
6.200000000000000000e+01 9.570867102266637616e+00 -3.320688770264872147e+01 2.760663711432308887e+01 1.363167588167970479e+01 -4.305851829739197711e+01 1.487682919637090606e+01
6.300000000000000000e+01 8.682451599912822005e+00 -3.343799786572601107e+01 2.788949575444148365e+01 1.243315396585853883e+01 -4.301258883970775315e+01 1.474133251761206687e+01
6.400000000000000000e+01 7.779999138979061257e+00 -3.364105926406661951e+01 2.817781134525925069e+01 1.124746037577842017e+01 -4.293035573493951063e+01 1.460721639232627567e+01
6.500000000000000000e+01 6.864237061739999923e+00 -3.381517232995568634e+01 2.847163292575097415e+01 1.007554326274594025e+01 -4.281281904063977350e+01 1.447450405874948132e+01
6.600000000000000000e+01 5.935940664916224740e+00 -3.395944440887287641e+01 2.877100753774012887e+01 8.918296616350355421e+00 -4.266098358704777382e+01 1.434321657454132470e+01
6.700000000000000000e+01 4.995934269052811239e+00 -3.407299198489006642e+01 2.907598001622184825e+01 7.776561803536359285e+00 -4.247585697245229142e+01 1.421337290982202717e+01
6.800000000000000000e+01 4.045092217404687496e+00 -3.415494303455026426e+01 2.938659276958241051e+01 6.651129132113990927e+00 -4.225844769313176386e+01 1.408499003833294516e+01
6.900000000000000000e+01 3.084339794736304263e+00 -3.420443951044024544e+01 2.970288554954444038e+01 5.542739431764697855e+00 -4.200976340332563552e+01 1.395808302661614242e+01
7.000000000000000000e+01 2.114654055956145751e+00 -3.422063995514631785e+01 3.002489521069393774e+01 4.452085646143300934e+00 -4.173080930057960813e+01 1.383266512112402680e+01
7.100000000000000000e+01 1.137064554033030639e+00 -3.420272224570307174e+01 3.035265545947440913e+01 3.379814430197097597e+00 -4.142258663173202393e+01 1.370874783318487822e+01
7.200000000000000000e+01 1.526539561813155532e-01 -3.414988646800524208e+01 3.068619659256828669e+01 2.326527747317955530e+00 -4.108609131476119103e+01 1.358634102176382896e+01
7.300000000000000000e+01 -8.374414631352512517e-01 -3.406135791994969964e+01 3.102554522462279607e+01 1.292784461417488595e+00 -4.072231267169456714e+01 1.346545297397125651e+01
7.400000000000000000e+01 -1.832031464242168228e+00 -3.393639024131032755e+01 3.137072400531980065e+01 2.791019194642099799e-01 -4.033223226778547854e+01 1.334609048328238323e+01
7.500000000000000000e+01 -2.829871631574368163e+00 -3.377426866751749657e+01 3.172175132583591406e+01 -7.140424795525595059e-01 -3.991682285218955428e+01 1.322825892544253001e+01
7.600000000000000000e+01 -3.829663322855826557e+00 -3.357431340361632266e+01 3.207864101478955376e+01 -1.686209732865056266e+00 -3.947704739541879349e+01 1.311196233204191763e+01
7.700000000000000000e+01 -4.830053791007952846e+00 -3.333588311371691049e+01 3.244140202382823190e+01 -2.636997702629394702e+00 -3.901385821891358319e+01 1.299720346175334384e+01
7.800000000000000000e+01 -5.829636491893982253e+00 -3.305837852021837620e+01 3.281003810306911816e+01 -3.566039607984880178e+00 -3.852819621215078882e+01 1.288398386923364569e+01
7.900000000000000000e+01 -6.826951591183222590e+00 -3.274124610599479013e+01 3.318454746667271138e+01 -4.473002543033540945e+00 -3.802099013279602957e+01 1.277230397169754283e+01
8.000000000000000000e+01 -7.820486683723676613e+00 -3.238398191157292416e+01 3.356492244889980014e+01 -5.357586022989446306e+00 -3.749315598550832362e+01 1.266216311317877796e+01
8.100000000000000000e+01 -8.808677738839964633e+00 -3.198613541810867389e+01 3.395114915107784981e+01 -6.219520560456290426e+00 -3.694559647511708533e+01 1.255355962649957569e+01
8.200000000000000000e+01 -9.789910284912110683e+00 -3.154731350569216630e+01 3.434320707998546141e+01 -7.058566273519616630e+00 -3.637920053000814136e+01 1.244649089297464961e+01
8.300000000000000000e+01 -1.076252084643429185e+01 -3.106718447517518200e+01 3.474106877824891626e+01 -7.874511527087925344e+00 -3.579484289167963595e+01 1.234095339988060758e+01
8.400000000000000000e+01 -1.172479864648930281e+01 -3.054548212033193622e+01 3.514469944743794372e+01 -8.667171608683206685e+00 -3.519338376655846190e+01 1.223694279572582033e+01
8.500000000000000000e+01 -1.267498758719725771e+01 -2.998200983573546807e+01 3.555405656464451170e+01 -9.436387439666184207e+00 -3.457566853629920445e+01 1.213445394335936633e+01
8.600000000000000000e+01 -1.361128852019398927e+01 -2.937664474426925665e+01 3.596908949343014683e+01 -1.018202432268223134e+01 -3.394252752292521791e+01 1.203348097096083968e+01
8.700000000000000000e+01 -1.453186181855981296e+01 -2.872934182670104519e+01 3.638973909013501640e+01 -1.090397072593203909e+01 -3.329477580530559777e+01 1.193401732095524004e+01
8.800000000000000000e+01 -1.543483026084113341e+01 -2.804013803423676521e+01 3.681593730665247222e+01 -1.160213710470378068e+01 -3.263321308360325190e+01 1.183605579689993803e+01
8.900000000000000000e+01 -1.631828223687994495e+01 -2.730915636345567066e+01 3.724760679088868187e+01 -1.227645476045142203e+01 -3.195862358846486373e+01 1.173958860839205443e+01
9.000000000000000000e+01 -1.718027528407939997e+01 -2.653660987151651440e+01 3.768466048624551945e+01 -1.292687473756462246e+01 -3.127177603186208188e+01 1.164460741404635336e+01
9.100000000000000000e+01 -1.801883996148332656e+01 -2.572280560803320171e+01 3.812700123158755616e+01 -1.355336675785080836e+01 -3.057342359662983711e+01 1.155110336259504322e+01
9.200000000000000000e+01 -1.883198406762403110e+01 -2.486814843856102542e+01 3.857452136327813719e+01 -1.415591819263584483e+01 -2.986430396188240977e+01 1.145906713216175632e+01
9.300000000000000000e+01 -1.961769720649542137e+01 -2.397314473322768791e+01 3.902710232099586563e+01 -1.473453307228844444e+01 -2.914513936161993257e+01 1.136848896776240814e+01
9.400000000000000000e+01 -2.037395570422919278e+01 -2.303840589270685868e+01 3.948461425917029288e+01 -1.528923113288173674e+01 -2.841663667396823456e+01 1.127935871708642779e+01
9.500000000000000000e+01 -2.109872787709284481e+01 -2.206465168248184838e+01 3.994691566600270249e+01 -1.582004689962497146e+01 -2.767948753862306432e+01 1.119166586461182789e+01
9.600000000000000000e+01 -2.178997964928534614e+01 -2.105271334520551108e+01 4.041385299216373994e+01 -1.632702880662597877e+01 -2.693436850019189066e+01 1.110539956410756091e+01
9.700000000000000000e+01 -2.244568051668425568e+01 -2.000353645995103236e+01 4.088526029138390783e+01 -1.681023835248228693e+01 -2.618194117524844700e+01 1.102054866957643497e+01
9.800000000000000000e+01 -2.306380985019814744e+01 -1.891818351628744566e+01 4.136095887527304882e+01 -1.726974929114413726e+01 -2.542285244103233666e+01 1.093710176469182294e+01
9.900000000000000000e+01 -2.364236352970878130e+01 -1.779783617042775745e+01 4.184075698482109118e+01 -1.770564685744498590e+01 -2.465773464383798341e+01 1.085504719078041269e+01
1.000000000000000000e+02 -2.417936089675456302e+01 -1.664379715020928785e+01 4.232444948114086003e+01 -1.811802702665459108e+01 -2.388720582524794622e+01 1.077437307340303008e+01
1.010000000000000000e+02 -2.467285201112488835e+01 -1.545749177539859964e+01 4.281181755811616796e+01 -1.850699580737640559e+01 -2.311186996447052167e+01 1.069506734758480704e+01
1.020000000000000000e+02 -2.512092519341526042e+01 -1.424046905979176891e+01 4.330262847970963946e+01 -1.887266856708195917e+01 -2.233231723514299460e+01 1.061711778174493048e+01
1.030000000000000000e+02 -2.552171483235595062e+01 -1.299440236182568853e+01 4.379663534476649289e+01 -1.921516938955342013e+01 -2.154912427505986372e+01 1.054051200037568314e+01
1.040000000000000000e+02 -2.587340943238953272e+01 -1.172108955095267468e+01 4.429357688221735856e+01 -1.953463046348664633e+01 -2.076285446737791318e+01 1.046523750551913956e+01
1.050000000000000000e+02 -2.617425987356233819e+01 -1.042245265787840935e+01 4.479317727963772455e+01 -1.983119150149511967e+01 -1.997405823194084462e+01 1.039128169708922123e+01
1.060000000000000000e+02 -2.642258785233485341e+01 -9.100536977942068617e+00 4.529514604815682333e+01 -2.010499918874519665e+01 -1.918327332544968655e+01 1.031863189208544362e+01
1.070000000000000000e+02 -2.661679446843974972e+01 -7.757509598446546306e+00 4.579917792672800658e+01 -2.035620666044846061e+01 -1.839102514928871912e+01 1.024727534274379792e+01
1.080000000000000000e+02 -2.675536891945413487e+01 -6.395657322639872078e+00 4.630495282876944430e+01 -2.058497300743514202e+01 -1.759782706389301410e+01 1.017719925366893818e+01
1.090000000000000000e+02 -2.683689726134343445e+01 -5.017383965319065275e+00 4.681213583416035107e+01 -2.079146280903365351e+01 -1.680418070861741597e+01 1.010839079799073836e+01
1.100000000000000000e+02 -2.686007118991469511e+01 -3.625206997685518129e+00 4.732037722952921399e+01 -2.097584569248548547e+01 -1.601057632613763104e+01 1.004083713258703980e+01
1.110000000000000000e+02 -2.682369679493116621e+01 -2.221753522130076597e+00 4.782931259969689108e+01 -2.113829591813157194e+01 -1.521749309048000143e+01 9.974525412413306924e+00
1.120000000000000000e+02 -2.672670323562827832e+01 -8.097555610673339288e-01 4.833856297303556460e+01 -2.127899198961439353e+01 -1.442539943783894252e+01 9.909442803978596004e+00
1.130000000000000000e+02 -2.656815128358439537e+01 6.079553522279255162e-01 4.884773502337721141e+01 -2.139811628835166601e+01 -1.363475339940129061e+01 9.845576498006073152e+00
1.140000000000000000e+02 -2.634724167637737580e+01 2.028454288618170676e+00 4.935642133094340522e+01 -2.149585473154914084e+01 -1.284600293545180172e+01 9.782913721315152245e+00
1.150000000000000000e+02 -2.606332322325604878e+01 3.448729747189799966e+00 4.986420070458075315e+01 -2.157239645303502940e+01 -1.205958627008754824e+01 9.721441747961115709e+00
1.160000000000000000e+02 -2.571590060221501517e+01 4.865691186759447007e+00 5.037063856736430267e+01 -2.162793350621314659e+01 -1.127593222591782052e+01 9.661147909666814471e+00
1.170000000000000000e+02 -2.530464178643304507e+01 6.276177257882204152e+00 5.087528740737832322e+01 -2.166266058844882636e+01 -1.049546055817289947e+01 9.602019605579952710e+00
1.180000000000000000e+02 -2.482938503706437672e+01 7.676964722909739969e+00 5.137768729520019662e+01 -2.167677478621929055e+01 -9.718582287688562360e+00 9.544044311388333313e+00
1.190000000000000000e+02 -2.429014539890197000e+01 9.064778045859180011e+00 5.187736646929590023e+01 -2.167047534037815026e+01 -8.945700032273729008e+00 9.487209587824162682e+00
1.200000000000000000e+02 -2.368712063550423252e+01 1.043629962786302201e+01 5.237384199019016506e+01 -2.164396343090344743e+01 -8.177208336006732026e+00 9.431503088587648520e+00
1.210000000000000000e+02 -2.302069654102676921e+01 1.178818065782423474e+01 5.286662046389666614e+01 -2.159744198051714648e+01 -7.413493996040182665e+00 9.376912567718610703e+00
1.220000000000000000e+02 -2.229145156726472976e+01 1.311705254165423007e+01 5.335519883468874980e+01 -2.153111547658571467e+01 -6.654936386528624404e+00 9.323425886444397293e+00
1.230000000000000000e+02 -2.150016070631118836e+01 1.441953886719261213e+01 5.383906524686141637e+01 -2.144518981072999253e+01 -5.901907779321325265e+00 9.271031019530559192e+00
1.240000000000000000e+02 -2.064779857179843603e+01 1.569226785565422055e+01 5.431769997467899458e+01 -2.133987213559485951e+01 -5.154773661092586501e+00 9.219716061160525555e+00
1.250000000000000000e+02 -1.973554162492012409e+01 1.693188524430178887e+01 5.479057641922751998e+01 -2.121537073824880082e+01 -4.413893046605722681e+00 9.169469230368894941e+00
1.260000000000000000e+02 -1.876476949534423966e+01 1.813506753906816726e+01 5.525716217039796874e+01 -2.107189492970508837e+01 -3.679618787831649751e+00 9.120278876052417161e+00
1.270000000000000000e+02 -1.773706535171086429e+01 1.929853557013313292e+01 5.571692013171816882e+01 -2.090965495007663577e+01 -2.952297878663606046e+00 9.072133481581532877e+00
1.280000000000000000e+02 -1.665421528165665421e+01 2.041906827807318336e+01 5.616930970523586097e+01 -2.072886188889794212e+01 -2.232271754989333168e+00 9.025021669034744676e+00
1.290000000000000000e+02 -1.551820664719589793e+01 2.149351665322654981e+01 5.661378803313181152e+01 -2.052972762016732133e+01 -1.519876589899015862e+00 8.978932203076835705e+00
1.300000000000000000e+02 -1.433122538778485477e+01 2.251881774643185707e+01 5.704981129222100122e+01 -2.031246475168397936e+01 -8.154435838236042677e-01 8.933853994501497198e+00
1.310000000000000000e+02 -1.309565225045990466e+01 2.349200866538062726e+01 5.747683603698316546e+01 -2.007728658827413781e+01 -1.192992494114764185e-01 8.889776103457894152e+00
1.320000000000000000e+02 -1.181405793401858695e+01 2.441024046754771604e+01 5.789432058625765620e+01 -1.982440710852017673e+01 5.682343090366790417e-01 8.846687742379971908e+00
1.330000000000000000e+02 -1.048919714224552102e+01 2.527079185809490269e+01 5.830172644824816075e+01 -1.955404095462676395e+01 1.246839121743582357e+00 8.804578278636594035e+00
1.340000000000000000e+02 -9.124001549600514238e+00 2.607108259934692285e+01 5.869851977801448584e+01 -1.926640343507686026e+01 1.916201085402127413e+00 8.763437236919873641e+00
1.350000000000000000e+02 -7.721571691504182766e+00 2.680868653747148755e+01 5.908417286119137657e+01 -1.896171053974910947e+01 2.576009701046156675e+00 8.723254301388346121e+00
1.360000000000000000e+02 -6.285167800290493823e+00 2.748134415189767310e+01 5.945816561726616101e+01 -1.864017896718674550e+01 3.225957817991886412e+00 8.684019317581054054e+00
1.370000000000000000e+02 -4.818199616949764952e+00 2.808697453382421116e+01 5.981998711538344082e+01 -1.830202616372558921e+01 3.865741383992504332e+00 8.645722294117888396e+00
1.380000000000000000e+02 -3.324215217861091975e+00 2.862368670191970921e+01 6.016913709532209253e+01 -1.794747037420645341e+01 4.495059201744654231e+00 8.608353404201016801e+00
1.390000000000000000e+02 -1.806888904704013532e+00 2.908979016601951173e+01 6.050512748601993707e+01 -1.757673070401362736e+01 5.113612691883962391e+00 8.571902986931657864e+00
1.400000000000000000e+02 -2.700082145369077646e-01 2.948380465327935340e+01 6.082748391380520303e+01 -1.719002719219778186e+01 5.721105662605832087e+00 8.536361548455881021e+00
1.410000000000000000e+02 1.282539884472840397e+00 2.980446891584027114e+01 6.113574719233628230e+01 -1.678758089545670273e+01 6.317244086048591001e+00 8.501719762952637538e+00
1.420000000000000000e+02 2.846783538094054489e+00 3.005074854457119216e+01 6.142947478615732138e+01 -1.636961398276297430e+01 6.901735881577122811e+00 8.467968473476737756e+00
1.430000000000000000e+02 4.418681210710378338e+00 3.022184271984438553e+01 6.170824223974809541e+01 -1.593634984044155267e+01 7.474290706108597249e+00 8.435098692669088294e+00
1.440000000000000000e+02 5.994137461538145750e+00 3.031718983751311569e+01 6.197164456398574828e+01 -1.548801318751415756e+01 8.034619751625504236e+00 8.403101603345943360e+00
1.450000000000000000e+02 7.569019198056021303e+00 3.033647195623743542e+01 6.221929757204495104e+01 -1.502483020114055634e+01 8.582435550026339399e+00 8.371968558978704067e+00
1.460000000000000000e+02 9.139172306888223574e+00 3.027961802096302790e+01 6.245083915694097954e+01 -1.454702865199890027e+01 9.117451785470112924e+00 8.341691084075300466e+00
1.470000000000000000e+02 1.070043855784317266e+01 3.014680582661546637e+01 6.266593050316970448e+01 -1.405483804945944826e+01 9.639383114378356154e+00 8.312260874473926364e+00
1.480000000000000000e+02 1.224867267322163400e+01 2.993846269582572006e+01 6.286425722521540393e+01 -1.354848979641597850e+01 1.014794499326605148e+01 8.283669797559477743e+00
1.490000000000000000e+02 1.377975945193643703e+01 2.965526485464689088e+01 6.304553042608087310e+01 -1.302821735365028033e+01 1.064285351458218010e+01 8.255909892412855555e+00
1.500000000000000000e+02 1.528963083647233212e+01 2.929813550064497818e+01 6.320948766944437835e+01 -1.249425641361389161e+01 1.112382525075043027e+01 8.228973369903039625e+00
1.510000000000000000e+02 1.677428281028957713e+01 2.886824156832295429e+01 6.335589385955459107e+01 -1.194684508351975438e+01 1.159057710661170582e+01 8.202852612731415860e+00
1.520000000000000000e+02 1.822979201395552806e+01 2.836698920744836627e+01 6.348454202353973130e+01 -1.138622407764402666e+01 1.204282618048212150e+01 8.177540175437867376e+00
1.530000000000000000e+02 1.965233197007247412e+01 2.779601800037533010e+01 6.359525399142262359e+01 -1.081263691874533173e+01 1.248028963405261216e+01 8.153028784377774230e+00
1.540000000000000000e+02 2.103818880994723273e+01 2.715719395475338516e+01 6.368788096979122315e+01 -1.022633014851398947e+01 1.290268457137016789e+01 8.129311337678919003e+00
1.550000000000000000e+02 2.238377639888225445e+01 2.645260131798018577e+01 6.376230400577254898e+01 -9.627553546968981024e+00 1.330972792715551023e+01 8.106380905187258179e+00
1.560000000000000000e+02 2.368565076192005492e+01 2.568453326926355373e+01 6.381843433868559146e+01 -9.016560360723861578e+00 1.370113636472709295e+01 8.084230728410219058e+00
1.570000000000000000e+02 2.494052371777900845e+01 2.485548155409817994e+01 6.385621363750042434e+01 -8.393607540046035709e+00 1.407662618381761099e+01 8.062854220466226352e+00
1.580000000000000000e+02 2.614527563550978329e+01 2.396812513423039093e+01 6.387561412299741903e+01 -7.758955984634673619e+00 1.443591323858679765e+01 8.042244966049013399e+00
1.590000000000000000e+02 2.729696723599246155e+01 2.302531793368944335e+01 6.387663857429559044e+01 -7.112870798044058418e+00 1.477871286615155988e+01 8.022396721415251619e+00
1.600000000000000000e+02 2.839285036868998446e+01 2.203007576811964086e+01 6.385932022019273546e+01 -6.455621550677368425e+00 1.510473982597386922e+01 8.003303414403944771e+00
1.610000000000000000e+02 2.943037770297088684e+01 2.098556255038722895e+01 6.382372251652583373e+01 -5.787482551274659492e+00 1.541370825046588777e+01 7.984959144496073691e+00
1.620000000000000000e+02 3.040721128270188700e+01 1.989507587020221635e+01 6.376993881151010868e+01 -5.108733126815403480e+00 1.570533160719242538e+01 7.967358182922973597e+00
1.630000000000000000e+02 3.132122990257472139e+01 1.876203204924426871e+01 6.369809190173906899e+01 -4.419657910751070062e+00 1.597932267307169951e+01 7.950494972831941176e+00
1.640000000000000000e+02 3.217053527465035501e+01 1.758995077598807910e+01 6.360833348222504924e+01 -3.720547139477050624e+00 1.623539352099748712e+01 7.934364129517658348e+00
1.650000000000000000e+02 3.295345696375607503e+01 1.638243942607276438e+01 6.350084349451311994e+01 -3.011696956946172232e+00 1.647325551932767951e+01 7.918960440727986771e+00
1.660000000000000000e+02 3.366855608054186888e+01 1.514317717465403312e+01 6.337582937751828638e+01 -2.293409727316195301e+00 1.669261934470821629e+01 7.904278867052997093e+00
1.670000000000000000e+02 3.431462773106724740e+01 1.387589900673251009e+01 6.323352522629627259e+01 -1.565994355513044667e+00 1.689319500872447577e+01 7.890314542405904241e+00
1.680000000000000000e+02 3.489070223164065965e+01 1.258437972999863952e+01 6.307419086447062284e+01 -8.297666155790455189e-01 1.707469189889736327e+01 7.877062774605051665e+00
1.690000000000000000e+02 3.539604510716167596e+01 1.127241809231322733e+01 6.289811083649052392e+01 -8.504948666067115026e-02 1.723681883456583108e+01 7.864519046065966634e+00
1.700000000000000000e+02 3.583015590031953934e+01 9.943821102611110518e+00 6.270559332628380389e+01 6.678265035258164062e-01 1.737928413822351814e+01 7.852679014612815145e+00
1.710000000000000000e+02 3.619276582759341920e+01 8.602388649835457812e+00 6.249696900919973075e+01 1.428522927931077824e+00 1.750179572290319641e+01 7.841538514418790129e+00
1.720000000000000000e+02 3.648383432599398191e+01 7.251898509557723749e+00 6.227258984439720990e+01 2.196693102312780255e+00 1.760406119622943777e+01 7.831093557085130108e+00
1.730000000000000000e+02 3.670354454181676829e+01 5.896091822296051888e+00 6.203282781503359899e+01 2.971981720502259616e+00 1.768578798178641165e+01 7.821340332868675915e+00
1.740000000000000000e+02 3.685229781928153869e+01 4.538659121297685672e+00 6.177807362373987843e+01 3.754024483046817906e+00 1.774668345847561213e+01 7.812275212068253261e+00
1.750000000000000000e+02 3.693070725276778177e+01 3.183226980794669370e+00 6.150873535093866451e+01 4.542447719504098202e+00 1.778645511856538164e+01 7.803894746580232855e+00
1.760000000000000000e+02 3.693959037138114354e+01 1.833345348570935451e+00 6.122523708356381889e+01 5.336868004695070056e+00 1.780481074516194084e+01 7.796195671634123414e+00
1.770000000000000000e+02 3.687996102878611282e+01 4.924756191883232770e-01 6.092801752168789875e+01 6.136891769255187867e+00 1.780145860985930995e+01 7.789174907719112362e+00
1.780000000000000000e+02 3.675302057459644800e+01 -8.360205034928761547e-01 6.061752857045048160e+01 6.942114904859423063e+00 1.777610769135355540e+01 7.782829562713111216e+00
1.790000000000000000e+02 3.656014838613301521e+01 -2.148891313701754679e+00 6.029423392451298014e+01 7.752122364535003918e+00 1.772846791583392800e+01 7.777156934225797791e+00
1.800000000000000000e+02 3.630289184104927358e+01 -3.443004548131055831e+00 5.995860765205065235e+01 8.566487758518174900e+00 1.765825041999106304e+01 7.772154512167803730e+00
1.810000000000000000e+02 3.598295581220462225e+01 -4.715355942197531292e+00 5.961113278502873669e+01 9.384772946155928608e+00 1.756516783750938160e+01 7.767819981558415243e+00
1.820000000000000000e+02 3.560219176627357740e+01 -5.963076880776979394e+00 5.925229992220768338e+01 1.020652762440279737e+01 1.744893460993713319e+01 7.764151225584569715e+00
1.830000000000000000e+02 3.516258654694464525e+01 -7.183441133479500529e+00 5.888260585098154110e+01 1.103128891351405194e+01 1.730926732285303871e+01 7.761146328924186655e+00
1.840000000000000000e+02 3.466625092223843296e+01 -8.373870671730044180e+00 5.850255219378337301e+01 1.185858094059348034e+01 1.714588506827352887e+01 7.758803581347462952e+00
1.850000000000000000e+02 3.411540797351085530e+01 -9.531940571776235771e+00 5.811264408439591023e+01 1.268791442171247752e+01 1.695850983426807446e+01 7.757121481609958735e+00
1.860000000000000000e+02 3.351238140115687258e+01 -1.065538301420961886e+01 5.771338887908451909e+01 1.351878624338137591e+01 1.674686692277232325e+01 7.756098741651754835e+00
1.870000000000000000e+02 3.285958381896045211e+01 -1.174209039661110587e+01 5.730529490703886353e+01 1.435067904422196072e+01 1.651068539660981926e+01 7.755734291117414081e+00
1.880000000000000000e+02 3.215950510550544550e+01 -1.279011758147780498e+01 5.688887026416329462e+01 1.518306079776101569e+01 1.624969855675178820e+01 7.756027282211753970e+00
1.890000000000000000e+02 3.141470087713418735e+01 -1.379768330663307907e+01 5.646462165380369669e+01 1.601538439734289199e+01 1.596364445086135042e+01 7.756977094906905457e+00
1.900000000000000000e+02 3.062778114268617458e+01 -1.476317078983613840e+01 5.603305327754701182e+01 1.684708724423834525e+01 1.565226641418323439e+01 7.758583342516502057e+00
1.910000000000000000e+02 2.980139919572620499e+01 -1.568512756328743762e+01 5.559466577877670801e+01 1.767759084011384729e+01 1.531531364385137195e+01 7.760845877653075320e+00
1.920000000000000000e+02 2.893824079524762283e+01 -1.656226457715994016e+01 5.514995524122421244e+01 1.850630038511606656e+01 1.495254180769577523e+01 7.763764798585357951e+00
1.930000000000000000e+02 2.804101368097331815e+01 -1.739345461417726924e+01 5.469941224432049864e+01 1.933260438292080963e+01 1.456371368863503335e+01 7.767340456012152394e+00
1.940000000000000000e+02 2.711243746442790581e+01 -1.817773005961686295e+01 5.424352097672982609e+01 2.015587425419738921e+01 1.414859986574206374e+01 7.771573460270035483e+00
1.950000000000000000e+02 2.615523393198303737e+01 -1.891428007295226976e+01 5.378275840904189664e+01 2.097546396004475966e+01 1.370697943306783095e+01 7.776464688992261287e+00
1.960000000000000000e+02 2.517211779112626147e+01 -1.960244720868048418e+01 5.331759352621092063e+01 2.179070963706640285e+01 1.323864075729978573e+01 7.782015295236478281e+00
1.970000000000000000e+02 2.416578788632512342e+01 -2.024172353473375452e+01 5.284848661996172581e+01 2.260092924586764340e+01 1.274338227531868917e+01 7.788226716099109659e+00
1.980000000000000000e+02 2.313891890609290414e+01 -2.083174629727599836e+01 5.237588864103861397e+01 2.340542223488079188e+01 1.222101333269829659e+01 7.795100681834290057e+00
1.990000000000000000e+02 2.209415359824814473e+01 -2.137229318065985950e+01 5.190024061085095752e+01 2.420346922154981328e+01 1.167135506416760116e+01 7.802639225495425102e+00
2.000000000000000000e+02 2.103409550592905575e+01 -2.186327721090781750e+01 5.142197309177082332e+01 2.499433169303974012e+01 1.109424131702166605e+01 7.810844693117307891e+00
2.010000000000000000e+02 1.996130223270722581e+01 -2.230474135030848615e+01 5.094150571506785496e+01 2.577725172877244830e+01 1.048951961842857372e+01 7.819719754456829541e+00
2.020000000000000000e+02 1.887827924116241363e+01 -2.269685282962758421e+01 5.045924676521830321e+01 2.655145174723369905e+01 9.857052187530069176e+00 7.829267414309920348e+00
2.030000000000000000e+02 1.778747418555312265e+01 -2.303989726305351837e+01 4.997559281910538687e+01 2.731613427964509100e+01 9.196716993176705657e+00 7.839491024422296839e+00
2.040000000000000000e+02 1.669127177575948195e+01 -2.333427258936791304e+01 4.949092843843271794e+01 2.807048177324609384e+01 8.508408858070847458e+00 7.850394296011153017e+00
2.050000000000000000e+02 1.559198916649610211e+01 -2.358048288098732570e+01 4.900562591350167452e+01 2.881365642709018715e+01 7.792040610012494817e+00 7.861981312914378961e+00
2.060000000000000000e+02 1.449187186289934992e+01 -2.377913206049721495e+01 4.852004505635894560e+01 2.954480006341999498e+01 7.047544280853760945e+00 7.874256545383258477e+00
2.070000000000000000e+02 1.339309013098783296e+01 -2.393091756212723809e+01 4.803453304119727107e+01 3.026303403785401613e+01 6.274872353665553959e+00 7.887224864533957991e+00
2.080000000000000000e+02 1.229773589917849819e+01 -2.403662397333044254e+01 4.754942428979431668e+01 3.096745919178588835e+01 5.473999058505286897e+00 7.900891557471929616e+00
2.090000000000000000e+02 1.120782013500631358e+01 -2.409711668925668349e+01 4.706504039969648545e+01 3.165715585057098735e+01 4.644921717045073173e+00 7.915262343102396514e+00
2.100000000000000000e+02 1.012527067943879366e+01 -2.411333561048281737e+01 4.658169011279657923e+01 3.233118387125185933e+01 3.787662136174637428e+00 7.930343388638712909e+00
2.110000000000000000e+02 9.051930519692254151e+00 -2.408628891190436150e+01 4.609966932191823474e+01 3.298858274374948252e+01 2.902268050534098531e+00 7.946141326818718653e+00
2.120000000000000000e+02 7.989556480224810464e+00 -2.401704690822863597e+01 4.561926111299753472e+01 3.362837174962918141e+01 1.988814613751953786e+00 7.962663273837565114e+00
2.130000000000000000e+02 6.939818310601687301e+00 -2.390673603906163436e+01 4.514073584045077325e+01 3.424955018272817142e+01 1.047405937969414946e+00 7.979916848003367313e+00
2.140000000000000000e+02 5.904298148177582917e+00 -2.375653299416828901e+01 4.466435123332745150e+01 3.485109763611045963e+01 7.817668101559452354e-02 7.997910189119632918e+00
2.150000000000000000e+02 4.884490333009720686e+00 -2.356765899712553392e+01 4.419035252987277573e+01 3.543197435999385903e+01 -9.187063196373068674e-01 8.016651978595898953e+00
2.160000000000000000e+02 3.881801552087463580e+00 -2.334137426329643716e+01 4.371897263816268975e+01 3.599112169546700812e+01 -1.943042367266359927e+00 8.036151460284930437e+00
2.170000000000000000e+02 2.897551289822954512e+00 -2.307897264584243047e+01 4.325043232052086495e+01 3.652746258898570630e+01 -2.994595182045530102e+00 8.056418462041511575e+00
2.180000000000000000e+02 1.932972561776613141e+00 -2.278177648137208067e+01 4.278494039948699168e+01 3.703990219280294838e+01 -4.073091134659435397e+00 8.077463417994291461e+00
2.190000000000000000e+02 9.892129087773708918e-01 -2.245113164480601142e+01 4.232269398317001929e+01 3.752732855664377354e+01 -5.178217439421302082e+00 8.099297391517779943e+00
2.200000000000000000e+02 6.733562892063071903e-02 -2.208840282112827325e+01 4.186387870789584298e+01 3.798861341608552067e+01 -6.309620309286586348e+00 8.121932098887278073e+00
2.210000000000000000e+02 -8.316787746260251302e-01 -2.169496899989564653e+01 4.140866899613533292e+01 3.842261308324146540e+01 -7.466903075534597534e+00 8.145379933594449895e+00
2.220000000000000000e+02 -1.706930951522655615e+00 -2.127221919669714012e+01 4.095722832778535860e+01 3.882816944546880933e+01 -8.649624275294653941e+00 8.169653991295612983e+00
2.230000000000000000e+02 -2.557600888728671418e+00 -2.082154840419273967e+01 4.050970952296145811e+01 3.920411107793260896e+01 -9.857295710531985833e+00 8.194768095359027171e+00
2.240000000000000000e+02 -3.382945941682688140e+00 -2.034435377392036415e+01 4.006625503455271797e+01 3.954925447594538213e+01 -1.108938048256912978e+01 8.220736822970708957e+00
2.250000000000000000e+02 -4.182298731534030978e+00 -1.984203102873546243e+01 3.962699724888159380e+01 3.986240541307359564e+01 -1.234529100671371893e+01 8.247575531751257571e+00
2.260000000000000000e+02 -4.955064926920576873e+00 -1.931597110454513100e+01 3.919205879290498018e+01 4.014236043104653362e+01 -1.362438701208579772e+01 8.275300386828440935e+00
2.270000000000000000e+02 -5.700720927897959811e+00 -1.876755701890913741e+01 3.876155284648771016e+01 4.038790846752247887e+01 -1.492597353228992496e+01 8.303928388301814678e+00
2.280000000000000000e+02 -6.418811468704503476e+00 -1.819816096310484355e+01 3.833558345837328574e+01 4.059783262775477652e+01 -1.624929889316064902e+01 8.333477399026747889e+00
2.290000000000000000e+02 -7.108947155103660265e+00 -1.760914161338604345e+01 3.791424586456940915e+01 4.077091210615482453e+01 -1.759355270442144459e+01 8.363966172635407759e+00
2.300000000000000000e+02 -7.770801951092253468e+00 -1.700184165640353129e+01 3.749762680795812031e+01 4.090592426366593060e+01 -1.895786386274004442e+01 8.395414381701884921e+00
2.310000000000000000e+02 -8.404110628803612926e+00 -1.637758552309318461e+01 3.708580485802979609e+01 4.100164686673598879e+01 -2.034129857433085320e+01 8.427842645947531963e+00
2.320000000000000000e+02 -9.008666194481103062e+00 -1.573767732476980896e+01 3.667885072972865856e+01 4.105686049350623534e+01 -2.174285840595484487e+01 8.461272560370554530e+00
2.330000000000000000e+02 -9.584317302452479481e+00 -1.508339898468628171e+01 3.627682760048104171e+01 4.107035111261197358e+01 -2.316147837388948361e+01 8.495726723171545203e+00
2.340000000000000000e+02 -1.013096566810585841e+01 -1.441600855792461111e+01 3.587979142456149617e+01 4.104091283971459347e+01 -2.459602508118787156e+01 8.531228763332876497e+00
2.350000000000000000e+02 -1.064856348996118207e+01 -1.373673873216819530e+01 3.548779124403026231e+01 4.096735087654928265e+01 -2.604529491431746635e+01 8.567803367696116723e+00
2.360000000000000000e+02 -1.113711089004641686e+01 -1.304679550166211932e+01 3.510086949555073943e+01 4.084848463687145426e+01 -2.750801231105474187e+01 8.605476307366288324e+00
2.370000000000000000e+02 -1.159665338093394205e+01 -1.234735700649130408e+01 3.471906231246960317e+01 4.068315106321851005e+01 -2.898282811231823786e+01 8.644274463256579111e+00
2.380000000000000000e+02 -1.202727936696875410e+01 -1.163957252919172269e+01 3.434239982160989513e+01 4.047020813785779580e+01 -3.046831801143580165e+01 8.684225850570284067e+00
2.390000000000000000e+02 -1.242911768643141102e+01 -1.092456164064967794e+01 3.397090643429306311e+01 4.020853859067140235e+01 -3.196298111516796325e+01 8.725359641999924420e+00
2.400000000000000000e+02 -1.280233520062449415e+01 -1.020341348723691866e+01 3.360460113116815251e+01 3.989705380602245555e+01 -3.346523863163150025e+01 8.767706189405661377e+00
2.410000000000000000e+02 -1.314713443515568336e+01 -9.477186211164896790e+00 3.324349774048418737e+01 3.953469792985328013e+01 -3.497343270109299596e+01 8.811297043716733057e+00
2.420000000000000000e+02 -1.346375127801166194e+01 -8.746906496119770225e+00 3.288760520949593769e+01 3.912045217737687608e+01 -3.648582538641004902e+01 8.856164972780563360e+00
2.430000000000000000e+02 -1.375245273837816562e+01 -8.013569230352294070e+00 3.253692786874526632e+01 3.865333934073978384e+01 -3.800059784069681257e+01 8.902343976865111586e+00
2.440000000000000000e+02 -1.401353476955964261e+01 -7.278137279542791660e+00 3.219146568900678318e+01 3.813242849494552900e+01 -3.951584967055573827e+01 8.949869301499809637e+00
2.450000000000000000e+02 -1.424732015879066971e+01 -6.541541361932255327e+00 3.185121453073165299e+01 3.755683989913546128e+01 -4.102959851395508650e+01 8.998777447320687628e+00
2.460000000000000000e+02 -1.445415648620675420e+01 -5.804680018407148978e+00 3.151616638586346397e+01 3.692575008902296219e+01 -4.253977985252197414e+01 9.049106176564800208e+00
2.470000000000000000e+02 -1.463441415475579710e+01 -5.068419670440508895e+00 3.118630961193837337e+01 3.623839715486189306e+01 -4.404424707865548783e+01 9.100894515838938048e+00
2.480000000000000000e+02 -1.478848449238201113e+01 -4.333594759023236875e+00 3.086162915841565280e+01 3.549408619780572138e+01 -4.554077183843877208e+01 9.154182754767397512e+00
2.490000000000000000e+02 -1.491677792739978869e+01 -3.601007957965601136e+00 3.054210678521749500e+01 3.469219495587089597e+01 -4.702704467181500547e+01 9.209012440103839126e+00
2.500000000000000000e+02 -1.501972223759582192e+01 -2.871430455202991006e+00 3.022772127348465432e+01 3.383217958896304367e+01 -4.850067597189895707e+01 9.265426364872940468e+00
2.510000000000000000e+02 -1.509776087325118787e+01 -2.145602296004001097e+00 2.991844862858106779e+01 3.291358061055358775e+01 -4.995919728558640571e+01 9.323468552089096306e+00
2.520000000000000000e+02 -1.515135135396125143e+01 -1.424232782247223161e+00 2.961426227540472311e+01 3.193602895161371080e+01 -5.140006297780119837e+01 9.383184232581891493e+00
2.530000000000000000e+02 -1.518096373884683459e+01 -7.080009222042316086e-01 2.931513324608217630e+01 3.089925214032101053e+01 -5.282065228175952853e+01 9.444619816441807814e+00
2.540000000000000000e+02 -1.518707916949518655e+01 2.444074459537831905e-03 2.902103036014386817e+01 2.980308057886277950e+01 -5.421827175751927541e+01 9.507822857585153997e+00
2.550000000000000000e+02 -1.517018848474196169e+01 7.064822614827349634e-01 2.873192039729396186e+01 2.864745389636718897e+01 -5.559015818080253268e+01 9.572842010924247802e+00
2.560000000000000000e+02 -1.513079090620319356e+01 1.403522385351035462e+00 2.844776826290247840e+01 2.743242735461626225e+01 -5.693348188361859030e+01 9.639726981618629509e+00
2.570000000000000000e+02 -1.506939279328922687e+01 2.093001283662851097e+00 2.816853714636158657e+01 2.615817828073920381e+01 -5.824535056754601214e+01 9.708528465875183144e+00
2.580000000000000000e+02 -1.498650646627777583e+01 2.774383256733980119e+00 2.789418867245789002e+01 2.482501249856019498e+01 -5.952281360965248780e+01 9.779298082760099931e+00
2.590000000000000000e+02 -1.488264909588981944e+01 3.447159416399311560e+00 2.762468304592254853e+01 2.343337072770517082e+01 -6.076286687990919688e+01 9.852088296484422969e+00
2.600000000000000000e+02 -1.475834165769868989e+01 4.110847015718876563e+00 2.735997918932879713e+01 2.198383491696414183e+01 -6.196245808758801843e+01 9.926952328627331568e+00
2.610000000000000000e+02 -1.461410794960761983e+01 4.764988763051401399e+00 2.710003487451360371e+01 2.047713447578728108e+01 -6.311849267248839368e+01 1.000394405976794054e+01
2.620000000000000000e+02 -1.445047367055240350e+01 5.409152123722787309e+00 2.684480684770417014e+01 1.891415236517899956e+01 -6.422784025492109095e+01 1.008311792000830387e+01
2.630000000000000000e+02 -1.426796555852395620e+01 6.042928612287594703e+00 2.659425094853583005e+01 1.729593100667883476e+01 -6.528734165615625784e+01 1.016452876788670778e+01
2.640000000000000000e+02 -1.406711058595656638e+01 6.665933078163484460e+00 2.634832222314915740e+01 1.562367796559415289e+01 -6.629381649851717384e+01 1.024823175720321444e+01
2.650000000000000000e+02 -1.384843521049328174e+01 7.277802987206147378e+00 2.610697503155763144e+01 1.389877136222533593e+01 -6.724407139145266399e+01 1.033428219130774472e+01
2.660000000000000000e+02 -1.361246467911615454e+01 7.878197701591396651e+00 2.587016314947720730e+01 1.212276496251399749e+01 -6.813490870675157396e+01 1.042273536443664561e+01
2.670000000000000000e+02 -1.335972238361694764e+01 8.466797760177826149e+00 2.563783986481030652e+01 1.029739289739707786e+01 -6.896313594255302348e+01 1.051364638972571974e+01
2.680000000000000000e+02 -1.309072926538125792e+01 9.043304161339786873e+00 2.540995806897579357e+01 8.424573958194738310e+00 -6.972557567197029016e+01 1.060707001357786972e+01
2.690000000000000000e+02 -1.280600326746506035e+01 9.607437650085911329e+00 2.518647034327580414e+01 6.506415413638480416e+00 -7.041907606797160213e+01 1.070306041612099968e+01
2.700000000000000000e+02 -1.250605883195686907e+01 1.015893801111281469e+01 2.496732904048862167e+01 4.545216292701648619e+00 -7.104052199166018511e+01 1.080167099755787063e+01
2.710000000000000000e+02 -1.219140644063906720e+01 1.069756336928751317e+01 2.475248636187433604e+01 2.543470076264545021e+00 -7.158684662628216699e+01 1.090295415028412052e+01
2.720000000000000000e+02 -1.186255219698972319e+01 1.122308949890350682e+01 2.454189442977805058e+01 5.038667398840879219e-01 -7.205504363416588376e+01 1.100696101673358740e+01
2.730000000000000000e+02 -1.151999744759789479e+01 1.173530914291713856e+01 2.433550535601197140e+01 -1.570705910423876084e+00 -7.244217980839580662e+01 1.111374123300237216e+01
2.740000000000000000e+02 -1.116423844110255992e+01 1.223403134324003361e+01 2.413327130619426342e+01 -3.677161667389015065e+00 -7.274540818536063114e+01 1.122334265840379075e+01
2.750000000000000000e+02 -1.079576602280673292e+01 1.271908078304037737e+01 2.393514456021967618e+01 -5.812216174086492160e+00 -7.296198157843059562e+01 1.133581109121649355e+01
2.760000000000000000e+02 -1.041506536316190434e+01 1.319029714189166214e+01 2.374107756903203281e+01 -7.972388054217496745e+00 -7.308926648693577022e+01 1.145118997100617797e+01
2.770000000000000000e+02 -1.002261571836580956e+01 1.364753446450061958e+01 2.355102300786564129e+01 -1.015400097564605808e+01 -7.312475732840266573e+01 1.156952006802885080e+01
2.780000000000000000e+02 -9.618890221365612447e+00 1.409066054364585696e+01 2.336493382611759628e+01 -1.235318669944152603e+01 -7.306609093568195590e+01 1.169083916035831905e+01
2.790000000000000000e+02 -9.204355701609900464e+00 1.451955631786723977e+01 2.318276329400914548e+01 -1.456588916369798348e+01 -7.291106125424815332e+01 1.181518169952358654e+01
2.800000000000000000e+02 -8.779472531945891944e+00 1.493411528435901481e+01 2.300446504618937382e+01 -1.678786964773243895e+01 -7.265763416861656765e+01 1.194257846559063019e+01
2.810000000000000000e+02 -8.344694501111774798e+00 1.533424292744159523e+01 2.282999312243039824e+01 -1.901471305789269550e+01 -7.230396238058715142e+01 1.207305621277921759e+01
2.820000000000000000e+02 -7.900468710328513389e+00 1.571985616291317633e+01 2.265930200555801832e+01 -2.124183537109854925e+01 -7.184840025595086388e+01 1.220663730686491277e+01
2.830000000000000000e+02 -7.447235492550438707e+00 1.609088279851525272e+01 2.249234665675759715e+01 -2.346449226639679964e+01 -7.128951855047652941e+01 1.234333935578088237e+01
2.840000000000000000e+02 -6.985428352988764189e+00 1.644726101068472346e+01 2.232908254839038875e+01 -2.567778896821990386e+01 -7.062611892050244933e+01 1.248317483500005842e+01
2.850000000000000000e+02 -6.515473929576552692e+00 1.678893883770878048e+01 2.216946569445010340e+01 -2.787669131771528797e+01 -6.985724811839523340e+01 1.262615070944538509e+01
2.860000000000000000e+02 -6.037791972098783155e+00 1.711587368934729625e+01 2.201345267878612333e+01 -3.005603808045838932e+01 -6.898221176858547210e+01 1.277226805384182029e+01
2.870000000000000000e+02 -5.552795338763729660e+00 1.742803187294129685e+01 2.186100068121390905e+01 -3.221055449012688143e+01 -6.800058761594586088e+01 1.292152167358689674e+01
2.880000000000000000e+02 -5.060890009046074667e+00 1.772538813598339402e+01 2.171206750162969357e+01 -3.433486701830781840e+01 -6.691223813504016960e+01 1.307389972837497005e+01
2.890000000000000000e+02 -4.562475111683187201e+00 1.800792522508874072e+01 2.156661158224147812e+01 -3.642351935061093826e+01 -6.571732238632657186e+01 1.322938336096133050e+01
2.900000000000000000e+02 -4.057942966757658532e+00 1.827563346127032773e+01 2.142459202802411511e+01 -3.847098953871211791e+01 -6.441630700384469321e+01 1.338794633359412423e+01
2.910000000000000000e+02 -3.547679140848634116e+00 1.852851033139275927e+01 2.128596862550217139e+01 -4.047170828694206790e+01 -6.300997619834183183e+01 1.354955467477210185e+01
2.920000000000000000e+02 -3.032062514283349053e+00 1.876656009565138561e+01 2.115070185995974938e+01 -4.242007832064588513e+01 -6.149944066027073575e+01 1.371416633910182092e+01
2.930000000000000000e+02 -2.511465359567397027e+00 1.898979341089995287e+01 2.101875293117264221e+01 -4.431049477187670504e+01 -5.988614524871159261e+01 1.388173088312697168e+01
2.940000000000000000e+02 -1.986253430117729923e+00 1.919822696962975783e+01 2.089008376775403519e+01 -4.613736650616416313e+01 -5.817187535508239193e+01 1.405218916008259633e+01
2.950000000000000000e+02 -1.456786058467918865e+00 1.939188315438433108e+01 2.076465704020099068e+01 -4.789513830223253876e+01 -5.635876183457290267e+01 1.422547303658435780e+01
2.960000000000000000e+02 -9.234162631564100110e-01 1.957078970737997281e+01 2.064243617272549614e+01 -4.957831378478888951e+01 -5.444928440360094868e+01 1.440150513429819945e+01
2.970000000000000000e+02 -3.864908635516114410e-01 1.973497941508785658e+01 2.052338535394983765e+01 -5.118147899897537201e+01 -5.244627340827701545e+01 1.458019859964257492e+01
2.980000000000000000e+02 1.536493980937460868e-01 1.988448980752392359e+01 2.040746954654260037e+01 -5.269932650395998763e+01 -5.035290987688062359e+01 1.476145690455551041e+01
2.990000000000000000e+02 6.966697280276772375e-01 2.001936287198375908e+01 2.029465449586830061e+01 -5.412667985256729253e+01 -4.817272377869988986e+01 1.494517368130802204e+01
3.000000000000000000e+02 1.242241146455590695e+00 2.013964478095291000e+01 2.018490673772020827e+01 -5.545851831398896081e+01 -4.590959042222375786e+01 1.513123259426283518e+01
3.010000000000000000e+02 1.790040347665259102e+00 2.024538563391790902e+01 2.007819360520258556e+01 -5.669000168762998015e+01 -4.356772493757869569e+01 1.531950725136205627e+01
3.020000000000000000e+02 2.339749555383960455e+00 2.033663921280039588e+01 1.997448323482563026e+01 -5.781649504819405649e+01 -4.115167480117361265e+01 1.550986115797834586e+01
3.030000000000000000e+02 2.891056373898379661e+00 2.041346275073406602e+01 1.987374457187346621e+01 -5.883359325534814133e+01 -3.866631037470266818e+01 1.570214771558018718e+01
3.040000000000000000e+02 3.443653635438543414e+00 2.047591671390417645e+01 1.977594737510241529e+01 -5.973714505588271351e+01 -3.611681344581089093e+01 1.589621026744409527e+01
3.050000000000000000e+02 3.997239244297250416e+00 2.052406459616952361e+01 1.968106222082418100e+01 -6.052327660233402895e+01 -3.350866377375270133e+01 1.609188219339461767e+01
3.060000000000000000e+02 4.551516018128953789e+00 2.055797272618859850e+01 1.958906050642586649e+01 -6.118841420968702494e+01 -3.084762366009755397e+01 1.628898705526783530e+01
3.070000000000000000e+02 5.106191526846667550e+00 2.057771008677445579e+01 1.949991445337622054e+01 -6.172930617113802043e+01 -2.813972058179935232e+01 1.648733879447803830e+01
3.080000000000000000e+02 5.660977929509489748e+00 2.058334814620592823e+01 1.941359710976486141e+01 -6.214304345505619409e+01 -2.539122794156603646e+01 1.668674198272059073e+01
3.090000000000000000e+02 6.215591809571245463e+00 2.057496070122796539e+01 1.933008235241931061e+01 -6.242707910831088469e+01 -2.260864400823086484e+01 1.688699212647168579e+01
3.100000000000000000e+02 6.769754008838442694e+00 2.055262373147791521e+01 1.924934488864168713e+01 -6.257924619607170769e+01 -1.979866913753410529e+01 1.708787602554836837e+01
3.110000000000000000e+02 7.323189460464735845e+00 2.051641526508141311e+01 1.917136025760561679e+01 -6.259777411505866951e+01 -1.696818138115781949e+01 1.728917218557495161e+01
3.120000000000000000e+02 7.875627021290380725e+00 2.046641525516675486e+01 1.909610483145105064e+01 -6.248130312601286107e+01 -1.412421060877002965e+01 1.749065128376838629e+01
3.130000000000000000e+02 8.426799303816929765e+00 2.040270546705421850e+01 1.902355581611314861e+01 -6.222889696183690234e+01 -1.127391128402421927e+01 1.769207668700957115e+01
3.140000000000000000e+02 8.976442508090507033e+00 2.032536937588344017e+01 1.895369125191943382e+01 -6.184005338035095889e+01 -8.424534050681165454e+00 1.789320502071493380e+01
3.150000000000000000e+02 9.524296253751666441e+00 2.023449207444972942e+01 1.888649001398733773e+01 -6.131471254482979560e+01 -5.583396299057707068e+00 1.809378678656792161e+01
3.160000000000000000e+02 1.007010341249510255e+01 2.013016019102816756e+01 1.882193181245299130e+01 -6.065326313130920255e+01 -2.757851895654890306e+00 1.829356702671923074e+01
3.170000000000000000e+02 1.061360994116985346e+01 2.001246181697192483e+01 1.875999719255973730e+01 -5.985654607891199674e+01 4.473973013679024419e-02 1.849228603162192286e+01
3.180000000000000000e+02 1.115456471573726205e+01 1.988148644388037312e+01 1.870066753463417442e+01 -5.892585591798630418e+01 2.817044939068341414e+00 1.868968008824048965e+01
3.190000000000000000e+02 1.169271936629456121e+01 1.973732491014020596e+01 1.864392505397506383e+01 -5.786293963044855815e+01 5.551787464274196005e+00 1.888548226496489235e+01
3.200000000000000000e+02 1.222782811336015207e+01 1.958006935665186887e+01 1.858975280067971170e+01 -5.666999301717859794e+01 8.241780006904795286e+00 1.907942322917924116e+01
3.210000000000000000e+02 1.275964760560897027e+01 1.940981319156216145e+01 1.853813465943057537e+01 -5.534965456836880549e+01 1.087995562622290713e+01 1.927123209308323126e+01
3.220000000000000000e+02 1.328793675923742157e+01 1.922665106383235667e+01 1.848905534926371175e+01 -5.390499685413983855e+01 1.345939870436566288e+01 1.946063728304957152e+01
3.230000000000000000e+02 1.381245659913096624e+01 1.903067884548031330e+01 1.844250042333949935e+01 -5.233951547423497175e+01 1.597337526739896774e+01 1.964736742752569043e+01
3.240000000000000000e+02 1.433297010200041477e+01 1.882199362234321782e+01 1.839845626873445639e+01 -5.065711562692461456e+01 1.841536244801624633e+01 1.983115225825716621e+01
3.250000000000000000e+02 1.484924204164904182e+01 1.860069369321660915e+01 1.835691010627233055e+01 -4.886209637812297757e+01 2.077907688123989161e+01 2.001172351942842553e+01
3.260000000000000000e+02 1.536103883652666191e+01 1.836687857723357808e+01 1.831784999041089179e+01 -4.695913273187780135e+01 2.305850183270693066e+01 2.018881587918367870e+01
3.270000000000000000e+02 1.586812839972483502e+01 1.812064902935670574e+01 1.828126480920048280e+01 -4.495325562257976770e+01 2.524791286948148183e+01 2.036216783791318363e+01
3.280000000000000000e+02 1.637027999156367386e+01 1.786210706386337677e+01 1.824714428432863400e+01 -4.284982996720934523e+01 2.734190189570032103e+01 2.053152262766451486e+01
3.290000000000000000e+02 1.686726407491984503e+01 1.759135598571287318e+01 1.821547897126455950e+01 -4.065453093246933491e+01 2.933539938958492144e+01 2.069662909707076537e+01
3.300000000000000000e+02 1.735885217344292641e+01 1.730850042969258951e+01 1.818626025951609648e+01 -3.837331858653899985e+01 3.122369469424513611e+01 2.085724257627180478e+01
3.310000000000000000e+02 1.784481673280900438e+01 1.701364640724678168e+01 1.815948037301081186e+01 -3.601241111823554064e+01 3.300245423208174600e+01 2.101312571644652749e+01
3.320000000000000000e+02 1.832493098515891461e+01 1.670690136090021127e+01 1.813513237061203753e+01 -3.357825681745386248e+01 3.466773753120306623e+01 2.116404929876514629e+01
3.330000000000000000e+02 1.879896881687174925e+01 1.638837422619508999e+01 1.811321014677988828e+01 -3.107750501972393309e+01 3.621601097190404062e+01 2.130979300781483587e+01
3.340000000000000000e+02 1.926670463982458514e+01 1.605817550106721825e+01 1.809370843238606597e+01 -2.851697622451095882e+01 3.764415918162534069e+01 2.145014616484077763e+01
3.350000000000000000e+02 1.972791326629319997e+01 1.571641732259333857e+01 1.807662279569087360e+01 -2.590363160141379950e+01 3.894949402767984026e+01 2.158490841647915204e+01
3.360000000000000000e+02 2.018236978765245482e+01 1.536321355104794506e+01 1.806194964348966181e+01 -2.324454210067181847e+01 4.012976117812191745e+01 2.171389037503058361e+01
3.370000000000000000e+02 2.062984945703714601e+01 1.499867986121412855e+01 1.804968622243535492e+01 -2.054685738439162535e+01 4.118314422218214332e+01 2.183691420672925787e+01
3.380000000000000000e+02 2.107012757613225773e+01 1.462293384089726445e+01 1.803983062054280495e+01 -1.781777479266521524e+01 4.210826636244787835e+01 2.195381416490018367e+01
3.390000000000000000e+02 2.150297938626348682e+01 1.423609509659684313e+01 1.803238176887985844e+01 -1.506450855439076975e+01 4.290418971116636015e+01 2.206443706535505100e+01
3.400000000000000000e+02 2.192817996396872715e+01 1.383828536629476780e+01 1.802733944344939232e+01 -1.229425944617179312e+01 4.357041224247928568e+01 2.216864270185661212e+01
3.410000000000000000e+02 2.234550412123495988e+01 1.342962863932387307e+01 1.802470426726579333e+01 -9.514185094351267580e+00 4.410686247081618205e+01 2.226630419996983434e+01
3.420000000000000000e+02 2.275472631059521689e+01 1.301025128328249103e+01 1.802447771262814769e+01 -6.731371105129270838e+00 4.451389194290947415e+01 2.235730830811482761e+01
3.430000000000000000e+02 2.315562053528647368e+01 1.258028217796581671e+01 1.802666210359244303e+01 -3.952803196044645251e+00 4.479226564675367683e+01 2.244155562513239133e+01
3.440000000000000000e+02 2.354796026467958470e+01 1.213985285628498012e+01 1.803126061864330509e+01 -1.185340489011046383e+00 4.494315045517996765e+01 2.251896076416405634e+01
3.450000000000000000e+02 2.393151835520141901e+01 1.168909765214830010e+01 1.803827729356585863e+01 1.564309889161823008e+00 4.496810173442543856e+01 2.258945245312881411e+01
3.460000000000000000e+02 2.430606697697886176e+01 1.122815385528015319e+01 1.804771702451678905e+01 4.289616768078468034e+00 4.486904825905583749e+01 2.265297357254287292e+01
3.470000000000000000e+02 2.467137754644658898e+01 1.075716187295217274e+01 1.805958557129337549e+01 6.984247342231410194e+00 4.464827558378331673e+01 2.270948113187291639e+01
3.480000000000000000e+02 2.502722066517036836e+01 1.027626539860297150e+01 1.807388956079800124e+01 9.642087928507269368e+00 4.430840803006951489e+01 2.275894618603212649e+01
3.490000000000000000e+02 2.537336606515027171e+01 9.785611587320357074e+00 1.809063649069499391e+01 1.225726299147204124e+01 4.385238945091078477e+01 2.280135369401916634e+01
3.500000000000000000e+02 2.570958256088112392e+01 9.285351238159087472e+00 1.810983473325574877e+01 1.482415237215768755e+01 4.328346294087910451e+01 2.283670232205840023e+01
3.510000000000000000e+02 2.603563800845986265e+01 8.775638983263569060e+00 1.813149353938690567e+01 1.733740667296483196e+01 4.260514966038343232e+01 2.286500419392500660e+01
3.520000000000000000e+02 2.635129927204331324e+01 8.256633483763101466e+00 1.815562304283565709e+01 1.979196076788941383e+01 4.182122694328280232e+01 2.288628459142528371e+01
3.530000000000000000e+02 2.665633219797513931e+01 7.728497632400548767e+00 1.818223426456512470e+01 2.218304542343350860e+01 4.093570585550516228e+01 2.290058160825323696e+01
3.540000000000000000e+02 2.695050159691369274e+01 7.191398762852049487e+00 1.821133911729164012e+01 2.450619703106209357e+01 3.995280836931277690e+01 2.290794576065451338e+01
3.550000000000000000e+02 2.723357123430940518e+01 6.645508865687514088e+00 1.824295041017467867e+01 2.675726546682157903e+01 3.887694431341385126e+01 2.290843955850072078e+01
3.560000000000000000e+02 2.750530382959540887e+01 6.091004810914151690e+00 1.827708185364922500e+01 2.893242010758439164e+01 3.771268825338420072e+01 2.290213704050899324e+01
3.570000000000000000e+02 2.776546106447103313e+01 5.528068577037467790e+00 1.831374806438876490e+01 3.102815404622984730e+01 3.646475644997138943e+01 2.288912327743486230e+01
3.580000000000000000e+02 2.801380360067524933e+01 4.956887486562315814e+00 1.835296457038625562e+01 3.304128655984063556e+01 3.513798403494440237e+01 2.286949384712288591e+01
3.590000000000000000e+02 2.825009110766366760e+01 4.377654447847757702e+00 1.839474781613876431e+01 3.496896389559499596e+01 3.373730253538747093e+01 2.284335428531900902e+01
0.000000000000000000e+00 2.847408230062031009e+01 3.790568203213504628e+00 1.843911516792024941e+01 3.680865844845136792e+01 3.226771786784519946e+01 2.281081951613344572e+01
