1.000000000000000000e+00 4.238380660667453270e+01 -6.575290333911849139e+00 -1.094264272760695000e+01 4.238380660667453270e+01 7.388923132727152066e-01 -3.062249945337785206e+01
2.000000000000000000e+00 4.240318919173142831e+01 -7.414995219531732573e+00 -1.102858377061612494e+01 4.240318919173142831e+01 -1.287053285351413834e+00 -3.093062648988561136e+01
3.000000000000000000e+00 4.240713913403239843e+01 -8.259339667525420481e+00 -1.111364262584529605e+01 4.240713913403239843e+01 -3.294110940995709669e+00 -3.121087870511184903e+01
4.000000000000000000e+00 4.239543577816747444e+01 -9.108097140785801571e+00 -1.119778404068717315e+01 4.239543577816747444e+01 -5.279371481294233170e+00 -3.146387360394446375e+01
5.000000000000000000e+00 4.236785881873378656e+01 -9.961033225230917054e+00 -1.128097082714429256e+01 4.236785881873378656e+01 -7.240063062012093376e+00 -3.169024818737652893e+01
6.000000000000000000e+00 4.232418851469106613e+01 -1.081790543146991190e+01 -1.136316381776289397e+01 4.232418851469106613e+01 -9.173553304313088574e+00 -3.189065643642532777e+01
7.000000000000000000e+00 4.226420591658271775e+01 -1.167846299794852349e+01 -1.144432182116125496e+01 4.226420591658271775e+01 -1.107735080079894630e+01 -3.206576688023546495e+01
8.000000000000000000e+00 4.218769310697217634e+01 -1.254244669606810447e+01 -1.152440157722387859e+01 4.218769310697217634e+01 -1.294910602127791321e+01 -3.221626025355954681e+01
9.000000000000000000e+00 4.209443345443882123e+01 -1.340958863780354271e+01 -1.160335771204016986e+01 4.209443345443882123e+01 -1.478661165062918847e+01 -3.234282724795257025e+01
1.000000000000000000e+01 4.198421188147049321e+01 -1.427961208637722024e+01 -1.168114269267262983e+01 4.198421188147049321e+01 -1.658780239220218533e+01 -3.244616636019779321e+01
1.100000000000000000e+01 4.185681514658116242e+01 -1.515223127057979013e+01 -1.175770678184803941e+01 4.185681514658116242e+01 -1.835075427093912737e+01 -3.252698184070299448e+01
1.200000000000000000e+01 4.171203214097172918e+01 -1.602715120336260668e+01 -1.183299799267232189e+01 4.171203214097172918e+01 -2.007368347086660521e+01 -3.258598174387352486e+01
1.300000000000000000e+01 4.154965420003930632e+01 -1.690406750536217118e+01 -1.190696204347854525e+01 4.154965420003930632e+01 -2.175494474177715176e+01 -3.262387608177928655e+01
1.400000000000000000e+01 4.136947543002560224e+01 -1.778266623405278679e+01 -1.197954231292593974e+01 4.136947543002560224e+01 -2.339302940984794432e+01 -3.264137508179448588e+01
1.500000000000000000e+01 4.117129305007826190e+01 -1.866262371926125851e+01 -1.205067979547729351e+01 4.117129305007826190e+01 -2.498656302663601636e+01 -3.263918754829455793e+01
1.600000000000000000e+01 4.095490774997917072e+01 -1.954360640581461794e+01 -1.212031305739100162e+01 4.095490774997917072e+01 -2.653430269037500366e+01 -3.261801932795295755e+01
1.700000000000000000e+01 4.072012406377285032e+01 -2.042527070413148849e+01 -1.218837819337514006e+01 4.072012406377285032e+01 -2.803513407279809400e+01 -3.257857187768318852e+01
1.800000000000000000e+01 4.046675075950086864e+01 -2.130726284960550032e+01 -1.225480878405941176e+01 4.046675075950086864e+01 -2.948806818384826656e+01 -3.252154093382487332e+01
1.900000000000000000e+01 4.019460124522408506e+01 -2.218921877167052870e+01 -1.231953585445394062e+01 4.019460124522408506e+01 -3.089223790563240613e+01 -3.244761528077075496e+01
2.000000000000000000e+01 3.990349399148016829e+01 -2.307076397347590557e+01 -1.238248783357272664e+01 3.990349399148016829e+01 -3.224689432584834492e+01 -3.235747561687536233e+01
2.100000000000000000e+01 3.959325297029241852e+01 -2.395151342314162335e+01 -1.244359051541298733e+01 3.959325297029241852e+01 -3.355140289968891665e+01 -3.225179351517446236e+01
2.200000000000000000e+01 3.926370811080703049e+01 -2.483107145760263279e+01 -1.250276702149224128e+01 3.926370811080703049e+01 -3.480523946791470991e+01 -3.213123047617342110e+01
2.300000000000000000e+01 3.891469577159568161e+01 -2.570903170009250616e+01 -1.255993776515820848e+01 3.891469577159568161e+01 -3.600798615741557995e+01 -3.199643706973268209e+01
2.400000000000000000e+01 3.854605922961501108e+01 -2.658497699235601885e+01 -1.261502041789854189e+01 3.854605922961501108e+01 -3.715932718915623667e+01 -3.184805216288579999e+01
2.500000000000000000e+01 3.815764918576684295e+01 -2.745847934272059021e+01 -1.266792987789141023e+01 3.815764918576684295e+01 -3.825904461694702263e+01 -3.168670223026915522e+01
2.600000000000000000e+01 3.774932428694852860e+01 -2.832909989119379546e+01 -1.271857824104976054e+01 3.774932428694852860e+01 -3.930701401900432046e+01 -3.151300074371728854e+01
2.700000000000000000e+01 3.732095166442793754e+01 -2.919638889279328708e+01 -1.276687477482756350e+01 3.732095166442793754e+01 -4.030320016278545125e+01 -3.132754763748770443e+01
2.800000000000000000e+01 3.687240748831484893e+01 -3.005988572035126083e+01 -1.281272589506860626e+01 3.687240748831484893e+01 -4.124765266210444281e+01 -3.113092884551196704e+01
2.900000000000000000e+01 3.640357753783489159e+01 -3.091911888806998121e+01 -1.285603514619347720e+01 3.640357753783489159e+01 -4.214050164407454702e+01 -3.092371590703486461e+01
3.000000000000000000e+01 3.591435778704219928e+01 -3.177360609713877793e+01 -1.289670318503402058e+01 3.591435778704219928e+01 -4.298195344198548895e+01 -3.070646563698742426e+01
3.100000000000000000e+01 3.540465500553166578e+01 -3.262285430475297687e+01 -1.293462776863977126e+01 3.540465500553166578e+01 -4.377228632881801929e+01 -3.047971985744911549e+01
3.200000000000000000e+01 3.487438737363093111e+01 -3.346635981790316094e+01 -1.296970374639402479e+01 3.487438737363093111e+01 -4.451184630473052550e+01 -3.024400518658032766e+01
3.300000000000000000e+01 3.432348511146812342e+01 -3.430360841332896626e+01 -1.300182305679289918e+01 3.432348511146812342e+01 -4.520104295053225485e+01 -2.999983288145291382e+01
3.400000000000000000e+01 3.375189112122141211e+01 -3.513407548505245614e+01 -1.303087472925464141e+01 3.375189112122141211e+01 -4.584034535788143927e+01 -2.974769873126466635e+01
3.500000000000000000e+01 3.315956164176026988e+01 -3.595722622092398524e+01 -1.305674489134003302e+01 3.315956164176026988e+01 -4.643027814572874945e+01 -2.948808299749872575e+01
3.600000000000000000e+01 3.254646691479051412e+01 -3.677251580962790456e+01 -1.307931678178024093e+01 3.254646691479051412e+01 -4.697141757136191131e+01 -2.922145039767351093e+01
3.700000000000000000e+01 3.191259186150782412e+01 -3.757938967960195953e+01 -1.309847076972038593e+01 3.191259186150782412e+01 -4.746438774330040644e+01 -2.894825012942353126e+01
3.800000000000000000e+01 3.125793676865652415e+01 -3.837728377133002766e+01 -1.311408438060183101e+01 3.125793676865652415e+01 -4.790985694224548297e+01 -2.866891593175575537e+01
3.900000000000000000e+01 3.058251798277386513e+01 -3.916562484446259162e+01 -1.312603232911777695e+01 3.058251798277386513e+01 -4.830853405530412914e+01 -2.838386618043552900e+01
4.000000000000000000e+01 2.988636861128226840e+01 -3.994383082121292716e+01 -1.313418655968988524e+01 2.988636861128226840e+01 -4.866116512778209824e+01 -2.809350401457216861e+01
4.100000000000000000e+01 2.916953922896610152e+01 -4.071131116745802814e+01 -1.313841629492358898e+01 2.916953922896610152e+01 -4.896853003597951215e+01 -2.779821749159398081e+01
4.200000000000000000e+01 2.843209858824248926e+01 -4.146746731295257149e+01 -1.313858809251173376e+01 2.843209858824248926e+01 -4.923143928361900379e+01 -2.749837976792566963e+01
4.300000000000000000e+01 2.767413433150207069e+01 -4.221169311202925201e+01 -1.313456591106365146e+01 2.767413433150207069e+01 -4.945073092379501389e+01 -2.719434930280544549e+01
4.400000000000000000e+01 2.689575370366014084e+01 -4.294337534612112250e+01 -1.312621118534647557e+01 2.689575370366014084e+01 -4.962726760764619627e+01 -2.688647008280487682e+01
4.500000000000000000e+01 2.609708426291825134e+01 -4.366189426938876750e+01 -1.311338291143099077e+01 2.609708426291825134e+01 -4.976193376032777138e+01 -2.657507186474127181e+01
4.600000000000000000e+01 2.527827458759362500e+01 -4.436662419867614204e+01 -1.309593774223971074e+01 2.527827458759362500e+01 -4.985563288428451756e+01 -2.626047043479661980e+01
4.700000000000000000e+01 2.443949497672982218e+01 -4.505693414894869875e+01 -1.307373009399871044e+01 2.443949497672982218e+01 -4.990928498930687596e+01 -2.594296788178231239e+01
4.800000000000000000e+01 2.358093814205337679e+01 -4.573218851528228868e+01 -1.304661226409486119e+01 2.358093814205337679e+01 -4.992382414838031224e+01 -2.562285288260989802e+01
4.900000000000000000e+01 2.270281988869428957e+01 -4.639174780238072771e+01 -1.301443456084076900e+01 2.270281988869428957e+01 -4.990019617791865159e+01 -2.530040099814924659e+01
5.000000000000000000e+01 2.180537978193956050e+01 -4.703496940248994918e+01 -1.297704544564521179e+01 2.180537978193956050e+01 -4.983935644059371839e+01 -2.497587497777135113e+01
5.100000000000000000e+01 2.088888179713995186e+01 -4.766120842245850753e+01 -1.293429168808192387e+01 2.088888179713995186e+01 -4.974226776864267663e+01 -2.464952507098761814e+01
5.200000000000000000e+01 1.995361494974378047e+01 -4.826981856055988374e+01 -1.288601853434052558e+01 1.995361494974378047e+01 -4.960989850524149603e+01 -2.432158934470757217e+01
5.300000000000000000e+01 1.899989390228671127e+01 -4.886015303354444939e+01 -1.283206988953194028e+01 1.899989390228671127e+01 -4.944322066128081872e+01 -2.399229400474346008e+01
5.400000000000000000e+01 1.802805954502449381e+01 -4.943156555422655885e+01 -1.277228851430553114e+01 1.802805954502449381e+01 -4.924320818466126326e+01 -2.366185372029304190e+01
5.500000000000000000e+01 1.703847954675905640e+01 -4.998341135973490168e+01 -1.270651623621681914e+01 1.703847954675905640e+01 -4.901083533904402145e+01 -2.333047195023055309e+01
5.600000000000000000e+01 1.603154887227614012e+01 -5.051504829036068855e+01 -1.263459417626224557e+01 1.603154887227614012e+01 -4.874707518883695201e+01 -2.299834127012999829e+01
5.700000000000000000e+01 1.500769026268886108e+01 -5.102583791873210117e+01 -1.255636299097153596e+01 1.500769026268886108e+01 -4.845289818707485097e+01 -2.266564369903514731e+01
5.800000000000000000e+01 1.396735467486462845e+01 -5.151514672881572920e+01 -1.247166313041712016e+01 1.396735467486462845e+01 -4.812927086275411881e+01 -2.233255102507698453e+01
5.900000000000000000e+01 1.291102167600734241e+01 -5.198234734400997326e+01 -1.238033511246587359e+01 1.291102167600734241e+01 -4.777715460410883708e+01 -2.199922512911977179e+01
6.000000000000000000e+01 1.183919978937051987e+01 -5.242681980333561853e+01 -1.228221981355803472e+01 1.183919978937051987e+01 -4.739750453426587740e+01 -2.166581830569566947e+01
6.100000000000000000e+01 1.075242678699669518e+01 -5.284795288446076711e+01 -1.217715877625426479e+01 1.075242678699669518e+01 -4.699126847568491172e+01 -2.133247358055965748e+01
6.200000000000000000e+01 9.651269925309744480e+00 -5.324514547200811165e+01 -1.206499453374178010e+01 9.651269925309744480e+00 -4.655938599977829995e+01 -2.099932502426624126e+01
6.300000000000000000e+01 8.536326119336777651e+00 -5.361780796929267012e+01 -1.194557095143555614e+01 8.536326119336777651e+00 -4.610278755810927720e+01 -2.066649806123363220e+01
6.400000000000000000e+01 7.408222051303652300e+00 -5.396536375132123453e+01 -1.181873358575061772e+01 7.408222051303652300e+00 -4.562239369158832858e+01 -2.033410977382290241e+01
6.500000000000000000e+01 6.267614209335526709e+00 -5.428725065655559234e+01 -1.168433006005493979e+01 6.267614209335526709e+00 -4.511911431411800777e+01 -2.000226920101544437e+01
6.600000000000000000e+01 5.115188852003924147e+00 -5.458292251460055411e+01 -1.154221045774154319e+01 5.115188852003924147e+00 -4.459384806718222904e+01 -1.967107763132618103e+01
6.700000000000000000e+01 3.951661894494468807e+00 -5.485185070662256379e+01 -1.139222773228006602e+01 3.951661894494468807e+00 -4.404748174193111510e+01 -1.934062888963953952e+01
6.800000000000000000e+01 2.777778712229514557e+00 -5.509352575494373383e+01 -1.123423813402607863e+01 2.777778712229514557e+00 -4.348088976537555084e+01 -1.901100961770108100e+01
6.900000000000000000e+01 1.594313857866138662e+00 -5.530745893788214573e+01 -1.106810165347636499e+01 1.594313857866138662e+00 -4.289493374737699583e+01 -1.868229954804062487e+01
7.000000000000000000e+01 4.020706877054996964e-01 -5.549318392553205825e+01 -1.089368248056430311e+01 4.020706877054996964e-01 -4.229046208519763184e+01 -1.835457177114289706e+01
7.100000000000000000e+01 -7.981191063018330256e-01 -5.565025843179329001e+01 -1.071084947948885180e+01 -7.981191063018330256e-01 -4.166830962245759196e+01 -1.802789299571738368e+01
7.200000000000000000e+01 -2.005396062591618289e+00 -5.577826587757456167e+01 -1.051947667846501844e+01 -2.005396062591618289e+00 -4.102929735943651224e+01 -1.770232380195377431e+01
7.300000000000000000e+01 -3.218873617484758753e+00 -5.587681705970813084e+01 -1.031944377367190846e+01 -3.218873617484758753e+00 -4.037423221174726962e+01 -1.737791888767993953e+01
7.400000000000000000e+01 -4.437638877321414377e+00 -5.594555181973102975e+01 -1.011063664655907424e+01 -4.437638877321414377e+00 -3.970390681450520987e+01 -1.705472730736738640e+01
7.500000000000000000e+01 -5.660753498116350535e+00 -5.598414070631064732e+01 -9.892947893550219973e+00 -5.660753498116350535e+00 -3.901909936921368427e+01 -1.673279270395595830e+01
7.600000000000000000e+01 -6.887254675296498263e+00 -5.599228662472183515e+01 -9.666277367058643932e+00 -6.887254675296498263e+00 -3.832057353068457672e+01 -1.641215353349213046e+01
7.700000000000000000e+01 -8.116156245718601170e+00 -5.596972646642871752e+01 -9.430532726599581750e+00 -8.116156245718601170e+00 -3.760907833141331480e+01 -1.609284328259759889e+01
7.800000000000000000e+01 -9.346449903762064082e+00 -5.591623271148031904e+01 -9.185629998652578010e+00 -9.346449903762064082e+00 -3.688534814092611924e+01 -1.577489067880318707e+01
7.900000000000000000e+01 -1.057710653285075253e+01 -5.583161499610881862e+01 -8.931494143791857354e+00 -1.057710653285075253e+01 -3.615010265771841347e+01 -1.545831989380145366e+01
8.000000000000000000e+01 -1.180707765327501768e+01 -5.571572163762004237e+01 -8.668059629466492666e+00 -1.180707765327501768e+01 -3.540404693150208004e+01 -1.514315073968637293e+01
8.100000000000000000e+01 -1.303529698666595138e+01 -5.556844110839541884e+01 -8.395271006674237313e+00 -1.303529698666595138e+01 -3.464787141357685130e+01 -1.482939885826258042e+01
8.200000000000000000e+01 -1.426068213691437414e+01 -5.538970345058167766e+01 -8.113083488634257989e+00 -1.426068213691437414e+01 -3.388225203323933954e+01 -1.451707590351912991e+01
8.300000000000000000e+01 -1.548213638673218817e+01 -5.517948162284559288e+01 -7.821463529428588579e+00 -1.548213638673218817e+01 -3.310785029823724557e+01 -1.420618971737331293e+01
8.400000000000000000e+01 -1.669855060842179384e+01 -5.493779277040032838e+01 -7.520389400444591921e+00 -1.669855060842179384e+01 -3.232531341737043817e+01 -1.389674449879997908e+01
8.500000000000000000e+01 -1.790880528675644712e+01 -5.466469940939553140e+01 -7.209851762320221624e+00 -1.790880528675644712e+01 -3.153527444343274055e+01 -1.358874096646988860e+01
8.600000000000000000e+01 -1.911177265117798285e+01 -5.436031051668764036e+01 -6.889854229964748278e+00 -1.911177265117798285e+01 -3.073835243477539692e+01 -1.328217651502769137e+01
8.700000000000000000e+01 -2.030631891379693243e+01 -5.402478251599021064e+01 -6.560413928105086612e+00 -2.030631891379693243e+01 -2.993515263386231950e+01 -1.297704536514629403e+01
8.800000000000000000e+01 -2.149130660893249001e+01 -5.365832015144015088e+01 -6.221562034691892507e+00 -2.149130660893249001e+01 -2.912626666126998742e+01 -1.267333870749972036e+01
8.900000000000000000e+01 -2.266559702916392993e+01 -5.326117723971432127e+01 -5.873344309391659301e+00 -2.266559702916392993e+01 -2.831227272366692915e+01 -1.237104484080008682e+01
9.000000000000000000e+01 -2.382805275208205487e+01 -5.283365729199292815e+01 -5.515821604293038583e+00 -2.382805275208205487e+01 -2.749373583438650215e+01 -1.207014930404847952e+01
9.100000000000000000e+01 -2.497754025113736276e+01 -5.237611399729410522e+01 -5.149070353867817751e+00 -2.497754025113736276e+01 -2.667120804528262923e+01 -1.177063500315134625e+01
9.200000000000000000e+01 -2.611293258318358923e+01 -5.188895155900467415e+01 -4.773183041152976536e+00 -2.611293258318358923e+01 -2.584522868863244938e+01 -1.147248233205696444e+01
9.300000000000000000e+01 -2.723311214451972617e+01 -5.137262487680142442e+01 -4.388268637058734711e+00 -2.723311214451972617e+01 -2.501632462791820544e+01 -1.117566928856651209e+01
9.400000000000000000e+01 -2.833697348644459169e+01 -5.082763956660525650e+01 -3.994453009662976672e+00 -2.833697348644459169e+01 -2.418501051639068677e+01 -1.088017158497650350e+01
9.500000000000000000e+01 -2.942342618056403580e+01 -5.025455181172866048e+01 -3.591879300323243651e+00 -2.942342618056403580e+01 -2.335178906237935337e+01 -1.058596275370840800e+01
9.600000000000000000e+01 -3.049139772333908027e+01 -4.965396803897745315e+01 -3.180708263428295268e+00 -3.049139772333908027e+01 -2.251715130037736046e+01 -1.029301424808188870e+01
9.700000000000000000e+01 -3.153983646863968460e+01 -4.902654441413935160e+01 -2.761118566620320181e+00 -3.153983646863968460e+01 -2.168157686698806685e+01 -1.000129553838705476e+01
9.800000000000000000e+01 -3.256771457638345169e+01 -4.837298615204174723e+01 -2.333307048349735346e+00 -3.256771457638345169e+01 -2.084553428087656357e+01 -9.710774203410496241e+00
9.900000000000000000e+01 -3.357403096469749926e+01 -4.769404663718347592e+01 -1.897488929676621972e+00 -3.357403096469749926e+01 -2.000948122592266287e+01 -9.421416017568418511e+00
1.000000000000000000e+02 -3.455781425245423577e+01 -4.699052635184137472e+01 -1.453897977309791534e+00 -3.455781425245423577e+01 -1.917386483682322407e+01 -9.133185033798758568e+00
1.010000000000000000e+02 -3.551812567850478075e+01 -4.626327160951291262e+01 -1.002786614972742685e+00 -3.551812567850478075e+01 -1.833912198643963620e+01 -8.846043662362458093e+00
1.020000000000000000e+02 -3.645406198347630777e+01 -4.551317309258560329e+01 -5.444259803116965335e-01 -3.645406198347630777e+01 -1.750567957423224641e+01 -8.559952745702155141e+00
1.030000000000000000e+02 -3.736475823961954745e+01 -4.474116419420748514e+01 -7.910592470960391143e-02 -3.736475823961954745e+01 -1.667395481516639322e+01 -8.274871629504264803e+00
1.040000000000000000e+02 -3.824939061389508765e+01 -4.394821916547444118e+01 3.928650464536231346e-01 -3.824939061389508765e+01 -1.584435552851565276e+01 -7.990758230108456317e+00
1.050000000000000000e+02 -3.910717904928377919e+01 -4.313535107023294302e+01 8.711598953542584178e-01 -3.910717904928377919e+01 -1.501728042602617208e+01 -7.707569098405803842e+00
1.060000000000000000e+02 -3.993738984919914969e+01 -4.230360955102313625e+01 1.355433237123262913e+00 -3.993738984919914969e+01 -1.419311939894213381e+01 -7.425259480364966969e+00
1.070000000000000000e+02 -4.073933814987628921e+01 -4.145407841093844326e+01 1.845321590870918627e+00 -4.073933814987628921e+01 -1.337225380342579584e+01 -7.143783374322566715e+00
1.080000000000000000e+02 -4.151239026571985846e+01 -4.058787301745424969e+01 2.340443697841610771e+00 -4.151239026571985846e+01 -1.255505674393810445e+01 -6.863093585172104660e+00
1.090000000000000000e+02 -4.225596589281324356e+01 -3.970613753556112613e+01 2.840400907902664418e+00 -4.225596589281324356e+01 -1.174189335417396052e+01 -6.583141775582575406e+00
1.100000000000000000e+02 -4.296954015612783451e+01 -3.881004199882278982e+01 3.344777635249556624e+00 -4.296954015612783451e+01 -1.093312107517518683e+01 -6.303878514375703013e+00
1.110000000000000000e+02 -4.365264548643025222e+01 -3.790077922825214785e+01 3.853141883865117023e+00 -4.365264548643025222e+01 -1.012908993026904625e+01 -6.025253322188129701e+00
1.120000000000000000e+02 -4.430487331346139968e+01 -3.697956161014592169e+01 4.365045842909775153e+00 -4.430487331346139968e+01 -9.330142796503620772e+00 -5.747214714542124625e+00
1.130000000000000000e+02 -4.492587556266211379e+01 -3.604761774523336015e+01 4.880026551839389271e+00 -4.492587556266211379e+01 -8.536615672273729416e+00 -5.469710242446124582e+00
1.140000000000000000e+02 -4.551536594353803622e+01 -3.510618898265875032e+01 5.397606634653868696e+00 -4.551536594353803622e+01 -7.748837940850867412e+00 -5.192686530643876530e+00
1.150000000000000000e+02 -4.607312101869298715e+01 -3.415652585342205327e+01 5.917295102274050755e+00 -4.607312101869298715e+01 -6.967132629549130485e+00 -4.916089313628543955e+00
1.160000000000000000e+02 -4.659898104361123927e+01 -3.319988441893509190e+01 6.438588221629223618e+00 -4.659898104361123927e+01 -6.191816664275314963e+00 -4.639863469535708163e+00
1.170000000000000000e+02 -4.709285056842547590e+01 -3.223752255129667788e+01 6.960970449616973532e+00 -4.709285056842547590e+01 -5.423201119227798905e+00 -4.363953052027405910e+00
1.180000000000000000e+02 -4.755469879416999390e+01 -3.127069616274184582e+01 7.483915429673359654e+00 -4.755469879416999390e+01 -4.661591461520791846e+00 -4.088301320276463535e+00
1.190000000000000000e+02 -4.798455967737116623e+01 -3.030065540246375733e+01 8.006887048268440665e+00 -4.798455967737116623e+01 -3.907287790524394122e+00 -3.812850767159169596e+00
1.200000000000000000e+02 -4.838253177826652518e+01 -2.932864083963108470e+01 8.529340548224560337e+00 -4.838253177826652518e+01 -3.160585071720852124e+00 -3.537543145761843366e+00
1.210000000000000000e+02 -4.874877784945778814e+01 -2.835587965192250337e+01 9.050723695343970476e+00 -4.874877784945778814e+01 -2.421773364886579571e+00 -3.262319494305089496e+00
1.220000000000000000e+02 -4.908352416337800150e+01 -2.738358183926265355e+01 9.570477994433666424e+00 -4.908352416337800150e+01 -1.691138046419114582e+00 -2.987120159588241730e+00
1.230000000000000000e+02 -4.938705957857936824e+01 -2.641293648266102068e+01 1.008803995043429502e+01 -4.938705957857936824e+01 -9.689600256333470440e-01 -2.711884819054359408e+00
1.240000000000000000e+02 -4.965973434650960172e+01 -2.544510806812782278e+01 1.060284236999492080e+01 -4.965973434650960172e+01 -2.555159548587725982e-01 -2.436552501575187879e+00
1.250000000000000000e+02 -4.990195866212908982e+01 -2.448123289555494964e+01 1.111431569849700196e+01 -4.990195866212908982e+01 4.489215668270912230e-01 -2.161061607053860190e+00
1.260000000000000000e+02 -5.011420096341210950e+01 -2.352241559221337752e+01 1.162188938721703835e+01 -5.011420096341210950e+01 1.144083796389492758e+00 -1.885349924942221866e+00
1.270000000000000000e+02 -5.029698598645528307e+01 -2.256972575011781146e+01 1.212499328503442619e+01 -5.029698598645528307e+01 1.829705656309962958e+00 -1.609354651768420075e+00
1.280000000000000000e+02 -5.045089258457679904e+01 -2.162419470595798288e+01 1.262305904884173025e+01 -5.045089258457679904e+01 2.505525550899304399e+00 -1.333012407769693874e+00
1.290000000000000000e+02 -5.057655132140377674e+01 -2.068681248158355146e+01 1.311552156660087043e+01 -5.057655132140377674e+01 3.171285189606388055e+00 -1.056259252724528475e+00
1.300000000000000000e+02 -5.067464184950732431e+01 -1.975852490217133095e+01 1.360182038681472072e+01 -5.067464184950732431e+01 3.826729417479355799e+00 -7.790307010777984820e-01
1.310000000000000000e+02 -5.074589008763368270e+01 -1.884023090819531276e+01 1.408140114805017440e+01 -5.074589008763368270e+01 4.471606052937503684e+00 -5.012617364521076979e-01
1.320000000000000000e+02 -5.079106521098093907e+01 -1.793278007617646352e+01 1.455371700205899543e+01 -5.079106521098093907e+01 5.105665733013976748e+00 -2.228868256383640112e-01
1.330000000000000000e+02 -5.081097647027324626e+01 -1.703697036191528369e+01 1.501823002399773621e+01 -5.081097647027324626e+01 5.728661766232789887e+00 5.616006784158449061e-02
1.340000000000000000e+02 -5.080646985657033099e+01 -1.615354607851791968e+01 1.547441260324780465e+01 -5.080646985657033099e+01 6.340349993287083485e+00 3.359454705070870628e-01
1.350000000000000000e+02 -5.077842462981192284e+01 -1.528319612002756323e+01 1.592174880838450690e+01 -5.077842462981192284e+01 6.940488655690532305e+00 6.165363859323890194e-01
1.360000000000000000e+02 -5.072774973001841659e+01 -1.442655243988012259e+01 1.635973571993686448e+01 -5.072774973001841659e+01 7.528838272579098323e+00 8.980002819081583931e-01
1.370000000000000000e+02 -5.065538009084706061e+01 -1.358418879173222926e+01 1.678788472471976334e+01 -5.065538009084706061e+01 8.105161525846128256e+00 1.180405077656418555e+00
1.380000000000000000e+02 -5.056227287582398588e+01 -1.275661973847472730e+01 1.720572276570494097e+01 -5.056227287582398588e+01 8.669223153800873050e+00 1.463819131003799567e+00
1.390000000000000000e+02 -5.044940365803203974e+01 -1.194429993346195928e+01 1.761279354162676114e+01 -5.044940365803203974e+01 9.220789853547657344e+00 1.748311225416911974e+00
1.400000000000000000e+02 -5.031776256433150252e+01 -1.114762367617519523e+01 1.800865865079003569e+01 -5.031776256433150252e+01 9.759630192290861928e+00 2.033950556802556431e+00
1.410000000000000000e+02 -5.016835040531631051e+01 -1.036692474271142750e+01 1.839289867385892308e+01 -5.016835040531631051e+01 1.028551452778005348e+01 2.320806719974217724e+00
1.420000000000000000e+02 -5.000217481216584758e+01 -9.602476489666729620e+00 1.876511419075538001e+01 -5.000217481216584758e+01 1.079821493811777700e+01 2.608949694684629339e+00
1.430000000000000000e+02 -4.982024640134465443e+01 -8.854492228182214930e+00 1.912492672717906927e+01 -4.982024640134465443e+01 1.129750516116312475e+01 2.898449831122457798e+00
1.440000000000000000e+02 -4.962357498772536957e+01 -8.123125863156390736e+00 1.947197962667601345e+01 -4.962357498772536957e+01 1.178316054377404143e+01 3.189377834769576925e+00
1.450000000000000000e+02 -4.941316586617554663e+01 -7.408472790919014450e+00 1.980593884462567900e+01 -4.941316586617554663e+01 1.225495800114179268e+01 3.481804750512856650e+00
1.460000000000000000e+02 -4.919001618096187656e+01 -6.710571047022595437e+00 2.012649366098216674e+01 -4.919001618096187656e+01 1.271267598648243258e+01 3.775801945902456325e+00
1.470000000000000000e+02 -4.895511140148769869e+01 -6.029402694252329553e+00 2.043335730909056736e+01 -4.895511140148769869e+01 1.315609447136147203e+01 4.071441093445975490e+00
1.480000000000000000e+02 -4.870942192191326825e+01 -5.364895439499987262e+00 2.072626751840046211e+01 -4.870942192191326825e+01 1.358499493693990345e+01 4.368794151825277083e+00
1.490000000000000000e+02 -4.845389980110829953e+01 -4.716924466800946014e+00 2.100498696940936938e+01 -4.845389980110829953e+01 1.399916037644179845e+01 4.667933345919842658e+00
1.500000000000000000e+02 -4.818947565818239553e+01 -4.085314472610749092e+00 2.126930365968636494e+01 -4.818947565818239553e+01 1.439837530915627184e+01 4.968931145517505144e+00
1.510000000000000000e+02 -4.791705573752786052e+01 -3.469841888304211697e+00 2.151903118034507756e+01 -4.791705573752786052e+01 1.478242580629939162e+01 5.271860242590183709e+00
1.520000000000000000e+02 -4.763751915591837616e+01 -2.870237273926780741e+00 2.175400890285143518e+01 -4.763751915591837616e+01 1.515109952907451252e+01 5.576793527008904405e+00
1.530000000000000000e+02 -4.735171534274208938e+01 -2.286187866419765680e+00 2.197410207656037429e+01 -4.735171534274208938e+01 1.550418577928251551e+01 5.883804060568612826e+00
1.540000000000000000e+02 -4.706046168292859733e+01 -1.717340264881961565e+00 2.217920183787335375e+01 -4.706046168292859733e+01 1.584147556284669101e+01 6.192965049189574245e+00
1.550000000000000000e+02 -4.676454137057040583e+01 -1.163303234923910745e+00 2.236922513239084154e+01 -4.676454137057040583e+01 1.616276166663039859e+01 6.504349813158283311e+00
1.560000000000000000e+02 -4.646470147965497688e+01 -6.236506138181012737e-01 2.254411455189691438e+01 -4.646470147965497688e+01 1.646783874893849742e+01 6.818031755266468430e+00
1.570000000000000000e+02 -4.616165125673114034e+01 -9.792429794798782061e-02 2.270383808845355844e+01 -4.616165125673114034e+01 1.675650344410699333e+01 7.134084326702459400e+00
1.580000000000000000e+02 -4.585606063874651994e+01 4.143627059915488409e-01 2.284838880829735785e+01 -4.585606063874651994e+01 1.702855448159819218e+01 7.452580990544875661e+00
1.590000000000000000e+02 -4.554855899772499583e+01 9.137231844932937053e-01 2.297778444861690517e+01 -4.554855899772499583e+01 1.728379282003134421e+01 7.773595182703603612e+00
1.600000000000000000e+02 -4.523973411242266707e+01 1.400692593650189721e+00 2.309206694064498677e+01 -4.523973411242266707e+01 1.752202179659136760e+01 8.097200270148499968e+00
1.610000000000000000e+02 -4.493013136561287979e+01 1.875825926323401172e+00 2.319130186282112049e+01 -4.493013136561287979e+01 1.774304729227009858e+01 8.423469506261088924e+00
1.620000000000000000e+02 -4.462025316422683829e+01 2.339694587410068749e+00 2.327557782806786335e+01 -4.462025316422683829e+01 1.794667791340609853e+01 8.752475983139380133e+00
1.630000000000000000e+02 -4.431055857821957034e+01 2.792883293939552480e+00 2.334500580947486625e+01 -4.431055857821957034e+01 1.813272519000012295e+01 9.084292580680779494e+00
1.640000000000000000e+02 -4.400146319275364704e+01 3.235987016004002736e+00 2.339971840889988997e+01 -4.400146319275364704e+01 1.830100379129333632e+01 9.418991912262692168e+00
1.650000000000000000e+02 -4.369333916710795052e+01 3.669607973708860271e+00 2.343986907317182755e+01 -4.369333916710795052e+01 1.845133175910488532e+01 9.756646266834735570e+00
1.660000000000000000e+02 -4.338651549262414875e+01 4.094352704423570799e+00 2.346563126272121735e+01 -4.338651549262414875e+01 1.858353075943398380e+01 1.009732754723111192e+01
1.670000000000000000e+02 -4.308127844101488080e+01 4.510829213633055446e+00 2.347719757756505743e+01 -4.308127844101488080e+01 1.869742635283874677e+01 1.044110720450601981e+01
1.680000000000000000e+02 -4.277787219347290204e+01 4.919644221648481697e+00 2.347477884563894790e+01 -4.277787219347290204e+01 1.879284828411018893e+01 1.078805616808907608e+01
1.690000000000000000e+02 -4.247649964024559210e+01 5.321400517344180514e+00 2.345860317849883714e+01 -4.247649964024559210e+01 1.886963079176459601e+01 1.113824477155224102e+01
1.700000000000000000e+02 -4.217732333967708058e+01 5.716694428957370455e+00 2.342891499941070066e+01 -4.217732333967708058e+01 1.892761293788041144e+01 1.149174267377383885e+01
1.710000000000000000e+02 -4.188046662516765650e+01 6.106113420830909355e+00 2.338597404880850306e+01 -4.188046662516765650e+01 1.896663895880713113e+01 1.184861877527949225e+01
1.720000000000000000e+02 -4.158601484806251847e+01 6.490233823808328140e+00 2.333005437203245691e+01 -4.158601484806251847e+01 1.898655863727318760e+01 1.220894112953435062e+01
1.730000000000000000e+02 -4.129401674415174028e+01 6.869618705814876769e+00 2.326144329416152701e+01 -4.129401674415174028e+01 1.898722769641684849e+01 1.257277684895506376e+01
1.740000000000000000e+02 -4.100448591124205677e+01 7.244815887990284864e+00 2.318044038662968021e+01 -4.100448591124205677e+01 1.896850821625908878e+01 1.294019200540466485e+01
1.750000000000000000e+02 -4.071740238514334465e+01 7.616356110587079620e+00 2.308735643016511574e+01 -4.071740238514334465e+01 1.893026907312958684e+01 1.331125152492829500e+01
1.760000000000000000e+02 -4.043271430139385103e+01 7.984751351721810941e+00 2.298251237842032779e+01 -4.043271430139385103e+01 1.887238640254629729e+01 1.368601907648227645e+01
1.770000000000000000e+02 -4.015033963012463403e+01 8.350493300974797251e+00 2.286623832646857934e+01 -4.015033963012463403e+01 1.879474408603518043e+01 1.406455695440434006e+01
1.780000000000000000e+02 -3.987016797162694104e+01 8.714051988783294789e+00 2.273887248813316120e+01 -3.987016797162694104e+01 1.869723426235957930e+01 1.444692595436838012e+01
1.790000000000000000e+02 -3.959206240043376113e+01 9.075874571570818006e+00 2.260076018589196067e+01 -3.959206240043376113e+01 1.857975786360774606e+01 1.483318524256253568e+01
1.800000000000000000e+02 -3.931586134604597760e+01 9.436384271607003882e+00 2.245225285686289496e+01 -3.931586134604597760e+01 1.844222517656197269e+01 1.522339221782590002e+01
1.810000000000000000e+02 -3.904138049882497796e+01 9.795979469703331333e+00 2.229370707813012586e+01 -3.904138049882497796e+01 1.828455642974363826e+01 1.561760236647561939e+01
1.820000000000000000e+02 -3.876841473002154714e+01 1.015503294802348933e+01 2.212548361441699996e+01 -3.876841473002154714e+01 1.810668240649435390e+01 1.601586910955355236e+01
1.830000000000000000e+02 -3.849674001541561807e+01 1.051389127952722014e+01 2.194794649085268290e+01 -3.849674001541561807e+01 1.790854508441431747e+01 1.641824364221919907e+01
1.840000000000000000e+02 -3.822611535258834436e+01 1.087287435987430939e+01 2.176146209331847103e+01 -3.822611535258834436e+01 1.769009830143473394e+01 1.682477476501485825e+01
1.850000000000000000e+02 -3.795628466243688592e+01 1.123227507699352046e+01 2.156639829859674151e+01 -3.795628466243688592e+01 1.745130844875053455e+01 1.723550870672738355e+01
1.860000000000000000e+02 -3.768697866615859482e+01 1.159235911296961774e+01 2.136312363628520572e+01 -3.768697866615859482e+01 1.719215519078332122e+01 1.765048893857192880e+01
1.870000000000000000e+02 -3.741791672957416637e+01 1.195336487242089518e+01 2.115200648418041141e+01 -3.741791672957416637e+01 1.691263221228133062e+01 1.806975597942434320e+01
1.880000000000000000e+02 -3.714880866731709119e+01 1.231550353112761087e+01 2.093341429858196179e+01 -3.714880866731709119e+01 1.661274799259275881e+01 1.849334719183055853e+01
1.890000000000000000e+02 -3.687935650008710553e+01 1.267895919833010865e+01 2.070771288072159066e+01 -3.687935650008710553e+01 1.629252660707108546e+01 1.892129656852592134e+01
1.900000000000000000e+02 -3.660925615883822104e+01 1.304388918583806856e+01 2.047526568028235161e+01 -3.660925615883822104e+01 1.595200855548560526e+01 1.935363450920165107e+01
1.910000000000000000e+02 -3.633819913044450800e+01 1.341042437688115285e+01 2.023643313674285338e+01 -3.633819913044450800e+01 1.559125161721553532e+01 1.979038758726224856e+01
1.920000000000000000e+02 -3.606587404005303910e+01 1.377866968748092091e+01 1.999157205906092472e+01 -3.606587404005303910e+01 1.521033173290353524e+01 2.023157830632630549e+01
1.930000000000000000e+02 -3.579196816598728503e+01 1.414870461303147131e+01 1.974103504400208209e+01 -3.579196816598728503e+01 1.480934391213150647e+01 2.067722484623197943e+01
1.940000000000000000e+02 -3.551616888370289615e+01 1.452058385273939933e+01 1.948516993321964463e+01 -3.551616888370289615e+01 1.438840316655943319e+01 2.112734079832131329e+01
1.950000000000000000e+02 -3.523816503591767457e+01 1.489433800458841262e+01 1.922431930900775399e+01 -3.523816503591767457e+01 1.394764546783482828e+01 2.158193488979085473e+01
1.960000000000000000e+02 -3.495764822663222304e+01 1.526997432355442719e+01 1.895882002847539027e+01 -3.495764822663222304e+01 1.348722872943699436e+01 2.204101069691210313e+01
1.970000000000000000e+02 -3.467431403732963702e+01 1.564747753590344104e+01 1.868900279572882539e+01 -3.467431403732963702e+01 1.300733381146531187e+01 2.250456634694458558e+01
1.980000000000000000e+02 -3.438786316418248390e+01 1.602681070254807238e+01 1.841519177150236075e+01 -3.438786316418248390e+01 1.250816554721333418e+01 2.297259420858479118e+01
1.990000000000000000e+02 -3.409800247560896480e+01 1.640791612461923776e+01 1.813770421954342638e+01 -3.409800247560896480e+01 1.198995379019272889e+01 2.344508057081898755e+01
2.000000000000000000e+02 -3.380444598999752515e+01 1.679071628462032706e+01 1.785685018893585863e+01 -3.380444598999752515e+01 1.145295448007761685e+01 2.392200531007470232e+01
2.010000000000000000e+02 -3.350691577386776032e+01 1.717511481677019347e+01 1.757293223143765104e+01 -3.350691577386776032e+01 1.089745072583690977e+01 2.440334154559604229e+01
2.020000000000000000e+02 -3.320514276114680285e+01 1.756099750040322505e+01 1.728624515281262219e+01 -3.320514276114680285e+01 1.032375390410291160e+01 2.488905528300200487e+01
2.030000000000000000e+02 -3.289886749461937399e+01 1.794823327057657991e+01 1.699707579705241045e+01 -3.289886749461937399e+01 9.732204770592735699e+00 2.537910504602442074e+01
2.040000000000000000e+02 -3.258784079095407549e+01 1.833667524033269558e+01 1.670570286231307833e+01 -3.258784079095407549e+01 9.123174582153740886e+00 2.587344149646346736e+01
2.050000000000000000e+02 -3.227182433101827996e+01 1.872616172937545187e+01 1.641239674733049014e+01 -3.227182433101827996e+01 8.497066226743612560e+00 2.637200704244440885e+01
2.060000000000000000e+02 -3.195059117747067035e+01 1.911651729423843449e+01 1.611741942702904851e+01 -3.195059117747067035e+01 7.854315358381574796e+00 2.687473543510892426e+01
2.070000000000000000e+02 -3.162392622186375490e+01 1.950755375535004887e+01 1.582102435599900936e+01 -3.162392622186375490e+01 7.195391533818257024e+00 2.738155135392950257e+01
2.080000000000000000e+02 -3.129162656370117546e+01 1.989907121672954915e+01 1.552345639848919312e+01 -3.129162656370117546e+01 6.520799347369224286e+00 2.789236998089343800e+01
2.090000000000000000e+02 -3.095350182407417350e+01 2.029085907437875846e+01 1.522495178354062695e+01 -3.095350182407417350e+01 5.831079560039245990e+00 2.840709656386912485e+01
2.100000000000000000e+02 -3.060937439665433857e+01 2.068269700976393821e+01 1.492573808387615131e+01 -3.060937439665433857e+01 5.126810218733606206e+00 2.892562596953544940e+01
2.110000000000000000e+02 -3.025907963894168518e+01 2.107435596510613252e+01 1.462603421715694374e+01 -3.025907963894168518e+01 4.408607761008251913e+00 2.944784222633086657e+01
2.120000000000000000e+02 -2.990246600676449162e+01 2.146559909751965378e+01 1.432605046822084560e+01 -2.990246600676449162e+01 3.677128100452632165e+00 2.997361805795973311e+01
2.130000000000000000e+02 -2.953939513509818937e+01 2.185618270934953955e+01 1.402598853092769282e+01 -2.953939513509818937e+01 2.933067687429193882e+00 3.050281440807975741e+01
2.140000000000000000e+02 -2.916974186831867755e+01 2.224585715236247196e+01 1.372604156825382660e+01 -2.916974186831867755e+01 2.177164539512665975e+00 3.103527995688719088e+01
2.150000000000000000e+02 -2.879339424303237038e+01 2.263436770374000773e+01 1.342639428929913414e+01 -2.879339424303237038e+01 1.410199235580037902e+00 3.157085063041551010e+01
2.160000000000000000e+02 -2.841025342663021647e+01 2.302145541210316537e+01 1.312722304189796318e+01 -2.841025342663021647e+01 6.329958671021189698e-01 3.210934910346838222e+01
2.170000000000000000e+02 -2.802023361470197571e+01 2.340685791206888666e+01 1.282869591955550526e+01 -2.802023361470197571e+01 -1.535770602207253421e-01 3.265058429721901945e+01
2.180000000000000000e+02 -2.762326189041714386e+01 2.379031020609538061e+01 1.253097288146657107e+01 -2.762326189041714386e+01 -9.486057817502262512e-01 3.319435087262666428e+01
2.190000000000000000e+02 -2.721927804893546821e+01 2.417154541261609069e+01 1.223420588441210555e+01 -2.721927804893546821e+01 -1.751130493817671052e+00 3.374042872094483414e+01
2.200000000000000000e+02 -2.680823438985266804e+01 2.455029547969306947e+01 1.193853902536933376e+01 -2.680823438985266804e+01 -2.560144646354705955e+00 3.428858245272704153e+01
2.210000000000000000e+02 -2.639009548061677535e+01 2.492629186363491556e+01 1.164410869371472401e+01 -2.639009548061677535e+01 -3.374594316773646963e+00 3.483856088687365826e+01
2.220000000000000000e+02 -2.596483789377166218e+01 2.529926617222572105e+01 1.135104373194414684e+01 -2.596483789377166218e+01 -4.193377674035364322e+00 3.539009654140582484e+01
2.230000000000000000e+02 -2.553244992079520514e+01 2.566895077239912837e+01 1.105946560388092514e+01 -2.553244992079520514e+01 -5.015344542250308457e+00 3.594290512780322189e+01
2.240000000000000000e+02 -2.509293126520270079e+01 2.603507936236339759e+01 1.076948856938977350e+01 -2.509293126520270079e+01 -5.839296073552976196e+00 3.649668505089664450e+01
2.250000000000000000e+02 -2.464629271748437489e+01 2.639738750834247227e+01 1.048121986466311917e+01 -2.464629271748437489e+01 -6.663984540369975562e+00 3.705111691646781935e+01
2.260000000000000000e+02 -2.419255581433656488e+01 2.675561314624320630e+01 1.019475988719421800e+01 -2.419255581433656488e+01 -7.488113257563992597e+00 3.760586304887442566e+01
2.270000000000000000e+02 -2.373175248453583563e+01 2.710949704868958321e+01 9.910202384600788506e+00 -2.373175248453583563e+01 -8.310336645270959721e+00 3.816056702118775235e+01
2.280000000000000000e+02 -2.326392468368905142e+01 2.745878325798405584e+01 9.627634646510374594e+00 -2.326392468368905142e+01 -9.129260443557514648e+00 3.871485320050472012e+01
2.290000000000000000e+02 -2.278912401997645532e+01 2.780321948566195900e+01 9.347137698767099323e+00 -2.278912401997645532e+01 -9.943442090298296065e+00 3.926832631127336981e+01
2.300000000000000000e+02 -2.230741137288619313e+01 2.814255747939798269e+01 9.068786499266447976e+00 -2.230741137288619313e+01 -1.075139127390556837e+01 3.982057101964903723e+01
2.310000000000000000e+02 -2.181885650682115596e+01 2.847655335810744148e+01 8.792650134770971349e+00 -2.181885650682115596e+01 -1.155157067273027316e+01 4.037115154207949530e+01
2.320000000000000000e+02 -2.132353768134009542e+01 2.880496791615497543e+01 8.518792018105413533e+00 -2.132353768134009542e+01 -1.234239689308706112e+01 4.091961128149753080e+01
2.330000000000000000e+02 -2.082154125967916158e+01 2.912756689764563944e+01 8.247270085173406429e+00 -2.082154125967916158e+01 -1.312224161792867072e+01 4.146547249467882779e+01
2.340000000000000000e+02 -2.031296131708435837e+01 2.944412124182344570e+01 7.978136991281435719e+00 -2.031296131708435837e+01 -1.388943297820046574e+01 4.200823599449951473e+01
2.350000000000000000e+02 -1.979789925037236031e+01 2.975440730064546813e+01 7.711440306296474034e+00 -1.979789925037236031e+01 -1.464225715883866741e+01 4.254738089100101917e+01
2.360000000000000000e+02 -1.927646339002674480e+01 3.005820702963182356e+01 7.447222708204375152e+00 -1.927646339002674480e+01 -1.537896025122233290e+01 4.308236437533646068e+01
2.370000000000000000e+02 -1.874876861602962919e+01 3.035530815311900810e+01 7.185522174673966589e+00 -1.874876861602962919e+01 -1.609775036364849399e+01 4.361262155083176850e+01
2.380000000000000000e+02 -1.821493597852426660e+01 3.064550430506011480e+01 6.926372172269218197e+00 -1.821493597852426660e+01 -1.679680000105918580e+01 4.413756531554573570e+01
2.390000000000000000e+02 -1.767509232430352384e+01 3.092859514652866082e+01 6.669801842986497142e+00 -1.767509232430352384e+01 -1.747424872480272739e+01 4.465658630085062697e+01
2.400000000000000000e+02 -1.712936993002319142e+01 3.120438646108599556e+01 6.415836187828133141e+00 -1.712936993002319142e+01 -1.812820610264823884e+01 4.516905287067810093e+01
2.410000000000000000e+02 -1.657790614294570020e+01 3.147269022917323511e+01 6.164496247154844788e+00 -1.657790614294570020e+01 -1.875675495859051978e+01 4.567431118618505792e+01
2.420000000000000000e+02 -1.602084302993166887e+01 3.173332468268122142e+01 5.915799277590354066e+00 -1.602084302993166887e+01 -1.935795493116582833e+01 4.617168534067990748e+01
2.430000000000000000e+02 -1.545832703531203123e+01 3.198611434084293492e+01 5.669758925279624329e+00 -1.545832703531203123e+01 -1.992984634804874489e+01 4.666047756971943983e+01
2.440000000000000000e+02 -1.489050864819405895e+01 3.223089002857689422e+01 5.426385395329678119e+00 -1.489050864819405895e+01 -2.047045442360119694e+01 4.713996854132538061e+01
2.450000000000000000e+02 -1.431754207967821912e+01 3.246748887839255815e+01 5.185685617286741156e+00 -1.431754207967821912e+01 -2.097779378479852852e+01 4.760941773128710253e+01
2.460000000000000000e+02 -1.373958495039172689e+01 3.269575431694668310e+01 4.947663406527747831e+00 -1.373958495039172689e+01 -2.144987332955252413e+01 4.806806388849956591e+01
2.470000000000000000e+02 -1.315679798867757455e+01 3.291553603731525612e+01 4.712319621466058983e+00 -1.315679798867757455e+01 -2.188470141988485906e+01 4.851512559523600032e+01
2.480000000000000000e+02 -1.256934473971419841e+01 3.312668995801846705e+01 4.479652316492267694e+00 -1.256934473971419841e+01 -2.228029141067506913e+01 4.894980192716909073e+01
2.490000000000000000e+02 -1.197739128578345458e+01 3.332907816980773674e+01 4.249656890590149949e+00 -1.197739128578345458e+01 -2.263466751280780542e+01 4.937127321782703859e+01
2.500000000000000000e+02 -1.138110597784832656e+01 3.352256887119207818e+01 4.022326231585592105e+00 -1.138110597784832656e+01 -2.294587098747972931e+01 4.977870193200308080e+01
2.510000000000000000e+02 -1.078065917855210820e+01 3.370703629364985687e+01 3.797650856003103481e+00 -1.078065917855210820e+01 -2.321196666619134064e+01 5.017123365242011346e+01
2.520000000000000000e+02 -1.017622301670353835e+01 3.388236061743824479e+01 3.575619044519408707e+00 -1.017622301670353835e+01 -2.343104978855215492e+01 5.054799818368970676e+01
2.530000000000000000e+02 -9.567971153268590712e+00 3.404842787887837829e+01 3.356216973017764449e+00 -9.567971153268590712e+00 -2.360125314746735725e+01 5.090811077728778855e+01
2.540000000000000000e+02 -8.956078558851039872e+00 3.420512986995960603e+01 3.139428839259538861e+00 -8.956078558851039872e+00 -2.372075452856192967e+01 5.125067348089982033e+01
2.550000000000000000e+02 -8.340721302606779020e+00 3.435236403107096947e+01 2.925236985201076667e+00 -8.340721302606779020e+00 -2.378778442784050995e+01 5.157477661506275979e+01
2.560000000000000000e+02 -7.722076352504009478e+00 3.449003333763302948e+01 2.713622014994209408e+00 -7.722076352504009478e+00 -2.380063402858982613e+01 5.187950037954603744e+01
2.570000000000000000e+02 -7.100321386812285418e+00 3.461804618136706324e+01 2.504562908718980019e+00 -7.100321386812285418e+00 -2.375766341542045978e+01 5.216391659136965586e+01
2.580000000000000000e+02 -6.475634616675681521e+00 3.473631624690402475e+01 2.298037131905081409e+00 -6.475634616675681521e+00 -2.365731000013211727e+01 5.242709055575306820e+01
2.590000000000000000e+02 -5.848194619601936317e+00 3.484476238440129947e+01 2.094020740906364253e+00 -5.848194619601936317e+00 -2.349809713079122275e+01 5.266808307062122907e+01
2.600000000000000000e+02 -5.218180183677789685e+00 3.494330847879947299e+01 1.892488484199885024e+00 -5.218180183677789685e+00 -2.327864285205498973e+01 5.288595256456755322e+01
2.610000000000000000e+02 -4.585770162302142516e+00 3.503188331631893959e+01 1.693413899686531332e+00 -4.585770162302142516e+00 -2.299766878138810355e+01 5.307975736738368511e+01
2.620000000000000000e+02 -3.951143339211661498e+00 3.511042044876241874e+01 1.496769408075701691e+00 -3.951143339211661498e+00 -2.265400906242350842e+01 5.324855811142022333e+01
2.630000000000000000e+02 -3.314478303560345118e+00 3.517885805615720329e+01 1.302526402441269049e+00 -3.314478303560345118e+00 -2.224661935335236862e+01 5.339142026113532324e+01
2.640000000000000000e+02 -2.675953334800755812e+00 3.523713880823915900e+01 1.110655334039543529e+00 -2.675953334800755812e+00 -2.177458580492262286e+01 5.350741676723148288e+01
2.650000000000000000e+02 -2.035746297106094005e+00 3.528520972525076616e+01 9.211257944835756772e-01 -2.035746297106094005e+00 -2.123713397941803294e+01 5.359563084076985007e+01
2.660000000000000000e+02 -1.394034543062609988e+00 3.532302203849470601e+01 7.339065943708047435e-01 -1.394034543062609988e+00 -2.063363765892108503e+01 5.365515884159836446e+01
2.670000000000000000e+02 -7.509948263556651682e-01 3.535053105105664173e+01 5.489658384631171950e-01 -7.509948263556651682e-01 -1.996362748827436562e+01 5.368511327433385816e+01
2.680000000000000000e+02 -1.068032231672392945e-01 3.536769599908335948e+01 3.662709975201086654e-01 -1.068032231672392945e-01 -1.922679939549119155e+01 5.368462588401328617e+01
2.690000000000000000e+02 5.383649380008519447e-01 3.537447991397520042e+01 1.857889768879986692e-01 5.383649380008519447e-01 -1.842302272997090640e+01 5.365285084237440572e+01
2.700000000000000000e+02 1.184335138366603646e+00 3.537084948582689492e+01 7.486181946952096336e-03 1.184335138366603646e+00 -1.755234805679624088e+01 5.358896801455864534e+01
2.710000000000000000e+02 1.830933723060378382e+00 3.535677492842640390e+01 -1.686714194795518040e-01 1.830933723060378382e+00 -1.661501454367245145e+01 5.349218629485282861e+01
2.720000000000000000e+02 2.477987947760099008e+00 3.533222984609800932e+01 -3.427182376495029881e-01 2.477987947760099008e+00 -1.561145687576248875e+01 5.336174699891294182e+01
2.730000000000000000e+02 3.125326018058792954e+00 3.529719110265396154e+01 -5.146890042577977331e-01 3.125326018058792954e+00 -1.454231163281955119e+01 5.319692729875850290e+01
2.740000000000000000e+02 3.772777121852606719e+00 3.525163869269748318e+01 -6.846187185191713320e-01 3.772777121852606719e+00 -1.340842306266459083e+01 5.299704368569371127e+01
2.750000000000000000e+02 4.420171455034473951e+00 3.519555561550085798e+01 -8.525425958759969003e-01 4.420171455034473951e+00 -1.221084818524650650e+01 5.276145544522506725e+01
2.760000000000000000e+02 5.067340240776362137e+00 3.512892775166200465e+01 -1.018496019229375493e+00 5.067340240776362137e+00 -1.095086116228888784e+01 5.248956812700875929e+01
2.770000000000000000e+02 5.714115742679049426e+00 3.505174374272662163e+01 -1.182514492592927846e+00 5.714115742679049426e+00 -9.629956868911538237e+00 5.218083699189542557e+01
2.780000000000000000e+02 6.360331272063958430e+00 3.496399487394495509e+01 -1.344633597069884612e+00 6.360331272063958430e+00 -8.249853605641835230e+00 5.183477041725503653e+01
2.790000000000000000e+02 7.005821189677904570e+00 3.486567496031691604e+01 -1.504888949055682268e+00 7.005821189677904570e+00 -6.812494891927164176e+00 5.145093324097837240e+01
2.800000000000000000e+02 7.650420902075103058e+00 3.475678023606434408e+01 -1.663316160569421776e+00 7.650420902075103058e+00 -5.320050285646154897e+00 5.102895002387656120e+01
2.810000000000000000e+02 8.293966852937021628e+00 3.463730924765520314e+01 -1.819950801619684144e+00 8.293966852937021628e+00 -3.774915177194978710e+00 5.056850820964933746e+01
2.820000000000000000e+02 8.936296509583890213e+00 3.450726275049147063e+01 -1.974828364511416634e+00 8.936296509583890213e+00 -2.179709511509716702e+00 5.006936116118497182e+01
2.830000000000000000e+02 9.577248344926415413e+00 3.436664360936055829e+01 -2.127984230002860855e+00 9.577248344926415413e+00 -5.372753968612820064e-01 4.953133105169569461e+01
2.840000000000000000e+02 1.021666181509988114e+01 3.421545670273830098e+01 -2.279453635223004593e+00 1.021666181509988114e+01 1.149326434582930379e+00 4.895431158910235325e+01
2.850000000000000000e+02 1.085437733301754903e+01 3.405370883102197155e+01 -2.429271643262490343e+00 1.085437733301754903e+01 2.876821342628975042e+00 4.833827055216275426e+01
2.860000000000000000e+02 1.149023623807223693e+01 3.388140862876122839e+01 -2.577473114352081485e+00 1.149023623807223693e+01 4.641726692120665021e+00 4.768325211710960332e+01
2.870000000000000000e+02 1.212408076221126052e+01 3.369856648094639695e+01 -2.724092678545761537e+00 1.212408076221126052e+01 6.440358975962436894e+00 4.698937895402348630e+01
2.880000000000000000e+02 1.275575399260105236e+01 3.350519444340545050e+01 -2.869164709826694359e+00 1.275575399260105236e+01 8.268842152335396989e+00 4.625685407282826134e+01
2.890000000000000000e+02 1.338509983109362622e+01 3.330130616735326043e+01 -3.012723301556934352e+00 1.338509983109362622e+01 1.012311719136687671e+01 4.548596239965900878e+01
2.900000000000000000e+02 1.401196295069973452e+01 3.308691682813021373e+01 -3.154802243193532973e+00 1.401196295069973452e+01 1.199895281715548734e+01 4.467707206542095832e+01
2.910000000000000000e+02 1.463618874926782532e+01 3.286204305816054472e+01 -3.295434998195630794e+00 1.463618874926782532e+01 1.389195742140152667e+01 4.383063538962921513e+01
2.920000000000000000e+02 1.525762330056202032e+01 3.262670288415554154e+01 -3.434654683049385593e+00 1.525762330056202032e+01 1.579759211504010707e+01 4.294718954408967448e+01
2.930000000000000000e+02 1.587611330292631528e+01 3.238091566858209092e+01 -3.572494047339425993e+00 1.587611330292631528e+01 1.771118487431641242e+01 4.202735688264851177e+01
2.940000000000000000e+02 1.649150602571712554e+01 3.212470205541127655e+01 -3.708985454797589565e+00 1.649150602571712554e+01 1.962794572779379010e+01 4.107184492508525153e+01
2.950000000000000000e+02 1.710364925367948530e+01 3.185808392015921342e+01 -3.844160865261383009e+00 1.710364925367948530e+01 2.154298292094448541e+01 4.008144598525105096e+01
2.960000000000000000e+02 1.771239122943902089e+01 3.158108432422768530e+01 -3.978051817477024521e+00 1.771239122943902089e+01 2.345131998537366869e+01 3.905703643573318828e+01
2.970000000000000000e+02 1.831758059427440344e+01 3.129372747354966577e+01 -4.110689412683188770e+00 1.831758059427440344e+01 2.534791363046346291e+01 3.799957560365435683e+01
2.980000000000000000e+02 1.891906632733198279e+01 3.099603868154163422e+01 -4.242104298913894844e+00 1.891906632733198279e+01 2.722767236643642619e+01 3.691010429466030729e+01
2.990000000000000000e+02 1.951669768343862899e+01 3.068804433636282525e+01 -4.372326655960423913e+00 1.951669768343862899e+01 2.908547575962274223e+01 3.578974294469827555e+01
3.000000000000000000e+02 2.011032412966524774e+01 3.036977187247914145e+01 -4.501386180934274783e+00 2.011032412966524774e+01 3.091619421319887095e+01 3.463968940181406708e+01
3.010000000000000000e+02 2.069979528078798126e+01 3.004124974652818736e+01 -4.629312074374236197e+00 2.069979528078798126e+01 3.271470915994432715e+01 3.346121634287119662e+01
3.020000000000000000e+02 2.128496083379229731e+01 2.970250741748014534e+01 -4.756133026843137657e+00 2.128496083379229731e+01 3.447593354774885910e+01 3.225566833279558665e+01
3.030000000000000000e+02 2.186567050155951719e+01 2.935357533108909323e+01 -4.881877205960639010e+00 2.186567050155951719e+01 3.619483249376838785e+01 3.102445853664773168e+01
3.040000000000000000e+02 2.244177394587346797e+01 2.899448490862728534e+01 -5.006572243820446744e+00 2.244177394587346797e+01 3.786644397937698159e+01 2.976906509748453544e+01
3.050000000000000000e+02 2.301312070988126024e+01 2.862526853989567144e+01 -5.130245224741784682e+00 2.301312070988126024e+01 3.948589945544001267e+01 2.849102719557692964e+01
3.060000000000000000e+02 2.357956015013949269e+01 2.824595958050269928e+01 -5.252922673306014367e+00 2.357956015013949269e+01 4.104844422600965714e+01 2.719194080705627670e+01
3.070000000000000000e+02 2.414094136837563909e+01 2.785659235340392215e+01 -5.374630542631385843e+00 2.414094136837563909e+01 4.254945747835261471e+01 2.587345418245249817e+01
3.080000000000000000e+02 2.469711314309041583e+01 2.745720215469447112e+01 -5.495394202839491093e+00 2.469711314309041583e+01 4.398447182827977286e+01 2.453726306782876065e+01
3.090000000000000000e+02 2.524792386112716969e+01 2.704782526364733997e+01 -5.615238429668839792e+00 2.524792386112716969e+01 4.534919225207649163e+01 2.318510569328296000e+01
3.100000000000000000e+02 2.579322144933146177e+01 2.662849895698961689e+01 -5.734187393191927384e+00 2.579322144933146177e+01 4.663951427991104737e+01 2.181875755545471662e+01
3.110000000000000000e+02 2.633285330642311806e+01 2.619926152741065195e+01 -5.852264646593475561e+00 2.633285330642311806e+01 4.785154133040235536e+01 2.044002602232628618e+01
3.120000000000000000e+02 2.686666623520225627e+01 2.576015230629530350e+01 -5.969493114968549285e+00 2.686666623520225627e+01 4.898160107201802305e+01 1.905074479001036991e+01
3.130000000000000000e+02 2.739450637521027687e+01 2.531121169067694865e+01 -6.085895084100698682e+00 2.739450637521027687e+01 5.002626070408384606e+01 1.765276822237084176e+01
3.140000000000000000e+02 2.791621913596605609e+01 2.485248117440501048e+01 -6.201492189180774162e+00 2.791621913596605609e+01 5.098234105834335850e+01 1.624796560520224276e+01
3.150000000000000000e+02 2.843164913089820089e+01 2.438400338352262509e+01 -6.316305403428698284e+00 2.843164913089820089e+01 5.184692943112143837e+01 1.483821534729409208e+01
3.160000000000000000e+02 2.894064011209362164e+01 2.390582211585060790e+01 -6.430355026580857114e+00 2.894064011209362164e+01 5.261739106611558014e+01 1.342539916102143849e+01
3.170000000000000000e+02 2.944303490598494477e+01 2.341798238477455030e+01 -6.543660673207400080e+00 2.944303490598494477e+01 5.329137921854850646e+01 1.201139625512547759e+01
3.180000000000000000e+02 2.993867535009791325e+01 2.292053046723282961e+01 -6.656241260823880346e+00 2.993867535009791325e+01 5.386684374274104670e+01 1.059807757208859158e+01
3.190000000000000000e+02 3.042740223098356012e+01 2.241351395590286444e+01 -6.768114997763184704e+00 3.042740223098356012e+01 5.434203815697722462e+01 9.187300101956468623e+00
3.200000000000000000e+02 3.090905522345947176e+01 2.189698181558494028e+01 -6.879299370774234923e+00 3.090905522345947176e+01 5.471552515168950492e+01 7.780901303642409061e+00
3.210000000000000000e+02 3.138347283128780418e+01 2.137098444378190010e+01 -6.989811132314765807e+00 3.138347283128780418e+01 5.498618051936132645e+01 6.380693663659339876e+00
3.220000000000000000e+02 3.185049232941898367e+01 2.083557373547437308e+01 -7.099666287506440021e+00 3.185049232941898367e+01 5.515319549697304780e+01 4.988459420892364271e+00
3.230000000000000000e+02 3.230994970793271648e+01 2.029080315209056096e+01 -7.208880080721169037e+00 3.230994970793271648e+01 5.521607752417675385e+01 3.605945484457751871e+00
3.240000000000000000e+02 3.276167961781066396e+01 1.973672779467043625e+01 -7.317466981768238732e+00 3.276167961781066396e+01 5.517464943252868892e+01 2.234858569918427573e+00
3.250000000000000000e+02 3.320551531867863559e+01 1.917340448122329732e+01 -7.425440671652949298e+00 3.320551531867863559e+01 5.502904709291028240e+01 8.768605771598311227e-01
3.260000000000000000e+02 3.364128862865850778e+01 1.860089182827814369e+01 -7.532814027877690499e+00 3.364128862865850778e+01 5.477971555959942407e+01 -4.664357688956478620e-01
3.270000000000000000e+02 3.406882987647467331e+01 1.801925033662505626e+01 -7.639599109257348530e+00 3.406882987647467331e+01 5.442740376020157811e+01 -1.793470995826000891e+00
3.280000000000000000e+02 3.448796785596311310e+01 1.742854248124580252e+01 -7.745807140221880438e+00 3.448796785596311310e+01 5.397315779070649455e+01 -3.102742662962511666e+00
3.290000000000000000e+02 3.489852978313594178e+01 1.682883280542980131e+01 -7.851448494579120307e+00 3.489852978313594178e+01 5.341831288420836898e+01 -4.392808828284096911e+00
3.300000000000000000e+02 3.530034125595781802e+01 1.622018801907245944e+01 -7.956532678712042284e+00 3.530034125595781802e+01 5.276448413023719297e+01 -5.662291191387589073e+00
3.310000000000000000e+02 3.569322621699664211e+01 1.560267710114844419e+01 -8.061068314185360961e+00 3.569322621699664211e+01 5.201355602912168763e+01 -6.909877903515769582e+00
3.320000000000000000e+02 3.607700691911455237e+01 1.497637140635361419e+01 -8.165063119736725383e+00 3.607700691911455237e+01 5.116767097229919870e+01 -8.134326038159064964e+00
3.330000000000000000e+02 3.645150389437183236e+01 1.434134477590494861e+01 -8.268523892629183081e+00 3.645150389437183236e+01 5.022921674495225375e+01 -9.334463718266908572e+00
3.340000000000000000e+02 3.681653592632063265e+01 1.369767365248682545e+01 -8.371456489341818852e+00 3.681653592632063265e+01 4.920081315177544923e+01 -1.050919189856449876e+01
3.350000000000000000e+02 3.717192002587211874e+01 1.304543719932849122e+01 -8.473865805576609844e+00 3.717192002587211874e+01 4.808529787003843836e+01 -1.165748580386207500e+01
3.360000000000000000e+02 3.751747141092608473e+01 1.238471742339375758e+01 -8.575755755560226845e+00 3.751747141092608473e+01 4.688571163642173190e+01 -1.277839602653830831e+01
3.370000000000000000e+02 3.785300348995817643e+01 1.171559930266245964e+01 -8.677129250620559731e+00 3.785300348995817643e+01 4.560528287538140546e+01 -1.387104928855500319e+01
3.380000000000000000e+02 3.817832784976713612e+01 1.103817091747554180e+01 -8.777988177018638538e+00 3.817832784976713612e+01 4.424741187706340639e+01 -1.493464887541329666e+01
3.390000000000000000e+02 3.849325424758948344e+01 1.035252358591541721e+01 -8.878333373017436969e+00 3.849325424758948344e+01 4.281565463209986433e+01 -1.596847475135520078e+01
3.400000000000000000e+02 3.879759060779788626e+01 9.658752003183789014e+00 -8.978164605170567469e+00 3.879759060779788626e+01 4.131370642900360934e+01 -1.697188336686359733e+01
3.410000000000000000e+02 3.909114302340414326e+01 8.956954384937354519e+00 -9.077480543814354874e+00 3.909114302340414326e+01 3.974538531741936254e+01 -1.794430717108093631e+01
3.420000000000000000e+02 3.937371576259719319e+01 8.247232614532446604e+00 -9.176278737748651437e+00 3.937371576259719319e+01 3.811461553723205498e+01 -1.888525384317079059e+01
3.430000000000000000e+02 3.964511128055107037e+01 7.529692394126047184e+00 -9.274555588092363578e+00 3.964511128055107037e+01 3.642541100957259204e+01 -1.979430525785910078e+01
3.440000000000000000e+02 3.990513023674788684e+01 6.804443399570172524e+00 -9.372306321301653753e+00 3.990513023674788684e+01 3.468185898115081756e+01 -2.067111620143230155e+01
3.450000000000000000e+02 4.015357151806632174e+01 6.071599439030820555e+00 -9.469524961339942593e+00 4.015357151806632174e+01 3.288810390819050156e+01 -2.151541285531868652e+01
3.460000000000000000e+02 4.039023226789350218e+01 5.331278615253976838e+00 -9.566204300989927134e+00 4.039023226789350218e+01 3.104833166060873850e+01 -2.232699106505147668e+01
3.470000000000000000e+02 4.061490792152812901e+01 4.583603491389891538e+00 -9.662335872300904072e+00 4.061490792152812901e+01 2.916675412105485421e+01 -2.310571441291035555e+01
3.480000000000000000e+02 4.082739224814612555e+01 3.828701260279346208e+00 -9.757909916164541286e+00 4.082739224814612555e+01 2.724759424710193301e+01 -2.385151211285768724e+01
3.490000000000000000e+02 4.102747739961172613e+01 3.066703917092959752e+00 -9.852915351015944623e+00 4.102747739961172613e+01 2.529507165832625404e+01 -2.456437674654968006e+01
3.500000000000000000e+02 4.121495396642136200e+01 2.297748435204072237e+00 -9.947339740657877627e+00 4.121495396642136200e+01 2.331338880331255581e+01 -2.524436185920579945e+01
3.510000000000000000e+02 4.138961104107626454e+01 1.521976945162005324e+00 -1.004116926120853748e+01 4.138961104107626454e+01 2.130671775484961827e+01 -2.589157943398095085e+01
3.520000000000000000e+02 4.155123628918662604e+01 7.395369166217367063e-01 -1.013438866717564046e+01 4.155123628918662604e+01 1.927918767481591900e+01 -2.650619726320748626e+01
3.530000000000000000e+02 4.169961602861742023e+01 -4.941865693170200552e-02 -1.022698125666219049e+01 4.169961602861742023e+01 1.723487298354158881e+01 -2.708843623448028382e+01
3.540000000000000000e+02 4.183453531699182548e+01 -8.447310708373019228e-01 -1.031892883571191177e+01 4.183453531699182548e+01 1.517778226186304913e+01 -2.763856754904386648e+01
3.550000000000000000e+02 4.195577804787557596e+01 -1.646235719481992099e+00 -1.041021168180518153e+01 4.195577804787557596e+01 1.311184790768455422e+01 -2.815690988933613426e+01
3.560000000000000000e+02 4.206312705597147072e+01 -2.453761904302480090e+00 -1.050080850651978359e+01 4.206312705597147072e+01 1.104091656269293331e+01 -2.864382655184654425e+01
3.570000000000000000e+02 4.215636423165811664e+01 -3.267132639789576132e+00 -1.059069641737351475e+01 4.215636423165811664e+01 8.968740318981186732e+00 -2.909972256067789687e+01
3.580000000000000000e+02 4.223527064521363883e+01 -4.086164457741109146e+00 -1.067985087886994222e+01 4.223527064521363883e+01 6.898968709741888361e+00 -2.952504177637099403e+01
3.590000000000000000e+02 4.229962668106847445e+01 -4.910667210026027796e+00 -1.076824567277174260e+01 4.229962668106847445e+01 4.835141482951478942e+00 -2.992026401366975108e+01
0.000000000000000000e+00 4.234921218243617602e+01 -5.740443870147733385e+00 -1.085585285763065500e+01 4.234921218243617602e+01 2.780682152068390423e+00 -3.028590218098624476e+01
