1.000000000000000000e+00 6.150318227082159694e+00 -1.136926961311456985e+00 2.442086657587448073e+01 1.635381423308926685e+01 1.479008830285620668e+01 2.507302414009848235e+01
2.000000000000000000e+00 6.098883102824466995e+00 -1.398136862044849105e+00 2.451888048237821494e+01 1.697041011097650554e+01 1.384517590464320946e+01 2.532621858999962328e+01
3.000000000000000000e+00 6.035689843680726696e+00 -1.658903767331334267e+00 2.461783281374215093e+01 1.753909346838795713e+01 1.288799191647793840e+01 2.556271410166603175e+01
4.000000000000000000e+00 5.960626116152201170e+00 -1.918855384561164890e+00 2.471770280315326218e+01 1.806001516818174224e+01 1.192081112550503619e+01 2.578273717439303425e+01
5.000000000000000000e+00 5.873585885991567501e+00 -2.177610903840458079e+00 2.481846825023882630e+01 1.853343150254049121e+01 1.094585823321592599e+01 2.598653159062709150e+01
6.000000000000000000e+00 5.774469784194413258e+00 -2.434780865821607687e+00 2.492010547286395195e+01 1.895969921057583463e+01 9.965303496593687527e+00 2.617435711815717170e+01
7.000000000000000000e+00 5.663185491315239517e+00 -2.689967037584884313e+00 2.502258925774065901e+01 1.933927037364991364e+01 8.981258779279359672e+00 2.634648822682023095e+01
8.000000000000000000e+00 5.539648140454600522e+00 -2.942762297524553983e+00 2.512589280987420537e+01 1.967268721860375891e+01 7.995774007753064794e+00 2.650321282410962453e+01
9.000000000000000000e+00 5.403780739245202192e+00 -3.192750530245399787e+00 2.522998770087744802e+01 1.996057685768734657e+01 7.010834025562322935e+00 2.664483101369927809e+01
1.000000000000000000e+01 5.255514611143080828e+00 -3.439506532530144156e+00 2.533484381618973202e+01 2.020364599249463922e+01 6.028355836853967809e+00 2.677165388052283035e+01
1.100000000000000000e+01 5.094789856304478448e+00 -3.682595931494403008e+00 2.544042930124158630e+01 2.040267560763745891e+01 5.050186228875396921e+00 2.688400230567569693e+01
1.200000000000000000e+01 4.921555832300462896e+00 -3.921575116103897862e+00 2.554671050661381670e+01 2.055851567826288218e+01 4.078099761704022441e+00 2.698220581404432750e+01
1.300000000000000000e+01 4.735771654888361937e+00 -4.155991183288153756e+00 2.565365193224540974e+01 2.067207991384930565e+01 3.113797112236759368e+00 2.706660145721058441e+01
1.400000000000000000e+01 4.537406719022105683e+00 -4.385381899945978823e+00 2.576121617075189363e+01 2.074434055902087692e+01 2.158903758420172903e+00 2.713753273383489173e+01
1.500000000000000000e+01 4.326441240242215436e+00 -4.609275682200616231e+00 2.586936384992369398e+01 2.077632327041536797e+01 1.214968988819763007e+00 2.719534854938795476e+01
1.600000000000000000e+01 4.102866816539925132e+00 -4.827191593325976804e+00 2.597805357448153885e+01 2.076910208693971072e+01 2.834652219079668578e-01 2.724040221678193063e+01
1.700000000000000000e+01 3.866687010738508512e+00 -5.038639361830294483e+00 2.608724186717485338e+01 2.072379450906435139e+01 -6.342123811143983714e-01 2.727305049914772539e+01
1.800000000000000000e+01 3.617917953378243734e+00 -5.243119421249085477e+00 2.619688310931832476e+01 2.064155670115209062e+01 -1.536746026566747636e+00 2.729365269571585983e+01
1.900000000000000000e+01 3.356588966028974497e+00 -5.440122973265543393e+00 2.630692948087094507e+01 2.052357882920096444e+01 -2.422895138492008993e+00 2.730256977148689757e+01
2.000000000000000000e+01 3.082743204885682431e+00 -5.629132075843161331e+00 2.641733090017251939e+01 2.037108054481160124e+01 -3.291495965852641259e+00 2.730016353112193173e+01
2.100000000000000000e+01 2.796438324427553024e+00 -5.809619758122150479e+00 2.652803496346333034e+01 2.018530662467582815e+01 -4.141460963793061723e+00 2.728679583724634128e+01
2.200000000000000000e+01 2.497747160839345781e+00 -5.981050163897538852e+00 2.663898688432370676e+01 1.996752277343122373e+01 -4.971777965969307544e+00 2.726282787314021760e+01
2.300000000000000000e+01 2.186758434805118778e+00 -6.142878725562937348e+00 2.675012943318269620e+01 1.971901159634089495e+01 -5.781509164775830989e+00 2.722861944958600944e+01
2.400000000000000000e+01 1.863577473188231526e+00 -6.294552370468683655e+00 2.686140287705747554e+01 1.944106874694422515e+01 -6.569789916040033262e+00 2.718452835545988933e+01
2.500000000000000000e+01 1.528326949007378088e+00 -6.435509761706485143e+00 2.697274491969788812e+01 1.913499925358413023e+01 -7.335827384416426789e+00 2.713090975148448791e+01
2.600000000000000000e+01 1.181147639006728811e+00 -6.565181575394331226e+00 2.708409064232527186e+01 1.880211402755427486e+01 -8.078899045304718030e+00 2.706811560641101622e+01
2.700000000000000000e+01 8.221991979972111952e-01 -6.682990816594203132e+00 2.719537244516807561e+01 1.844372655452473353e+01 -8.798351058647838840e+00 2.699649417476329560e+01
2.800000000000000000e+01 4.516609490173970620e-01 -6.788353176051323601e+00 2.730651999001309349e+01 1.806114976989868026e+01 -9.493596529445133214e+00 2.691638951515792044e+01
2.900000000000000000e+01 6.973268822352253482e-02 -6.880677429995654570e+00 2.741746014400539977e+01 1.765569311782643425e+01 -1.016411366925332871e+01 2.682814104811109246e+01
3.000000000000000000e+01 -3.233644967288508143e-01 -6.959365885294389820e+00 2.752811692494778839e+01 1.722865979275325543e+01 -1.080944387234713844e+01 2.673208315215301312e+01
3.100000000000000000e+01 -7.273873962066680354e-01 -7.023814872286733291e+00 2.763841144836623442e+01 1.678134416160637699e+01 -1.142918971958504670e+01 2.662854479699608845e+01
3.200000000000000000e+01 -1.142069837586326519e+00 -7.073415287669007512e+00 2.774826187662589305e+01 1.631502936402913306e+01 -1.202301292237510744e+01 2.651784921243978843e+01
3.300000000000000000e+01 -1.567121835444683420e+00 -7.107553189828098361e+00 2.785758337040035215e+01 1.583098508744594568e+01 -1.259063221847217662e+01 2.640031359164509084e+01
3.400000000000000000e+01 -2.002228734879798910e+00 -7.125610449043274564e+00 2.796628804281443337e+01 1.533046551318890849e+01 -1.313182123066361839e+01 2.627624882737238110e+01
3.500000000000000000e+01 -2.447050350084632342e+00 -7.126965454989702131e+00 2.807428491660052927e+01 1.481470742942984309e+01 -1.364640629872270772e+01 2.614595927974812284e+01
3.600000000000000000e+01 -2.901220100504121380e+00 -7.110993883980803787e+00 2.818147988462752096e+01 1.428492850624042276e+01 -1.413426429433196496e+01 2.600974257410683066e+01
3.700000000000000000e+01 -3.364344147124030737e+00 -7.077069528379070107e+00 2.828777567418106287e+01 1.374232572774246997e+01 -1.459532042800651297e+01 2.586788942744528441e+01
3.800000000000000000e+01 -3.836000531667862035e+00 -7.024565190585172481e+00 2.839307181539333058e+01 1.318807397600782316e+01 -1.502954605638487529e+01 2.572068350202429343e+01
3.900000000000000000e+01 -4.315738321715695491e+00 -6.952853643983032406e+00 2.849726461424153712e+01 1.262332476111867052e+01 -1.543695649760316435e+01 2.556840128465878692e+01
4.000000000000000000e+01 -4.803076765006736082e+00 -6.861308663170260225e+00 2.860024713055378953e+01 1.204920509160226949e+01 -1.581760886183458759e+01 2.541131199025045717e+01
4.100000000000000000e+01 -5.297504456443873799e+00 -6.749306125740297979e+00 2.870190916148140303e+01 1.146681647930277670e+01 -1.617159990345713538e+01 2.524967748813425317e+01
4.200000000000000000e+01 -5.798478521584580214e+00 -6.616225187801381580e+00 2.880213723091709355e+01 1.087723407264715902e+01 -1.649906390071587126e+01 2.508375224983525698e+01
4.300000000000000000e+01 -6.305423820676112179e+00 -6.461449535317579596e+00 2.890081458535783554e+01 1.028150591219530696e+01 -1.680017056817052890e+01 2.491378331685998049e+01
4.400000000000000000e+01 -6.817732177574993280e+00 -6.284368713236754722e+00 2.899782119673128022e+01 9.680652302334706860e+00 -1.707512300666564187e+01 2.474001028717896133e+01
4.500000000000000000e+01 -7.334761638178334486e+00 -6.084379534228111730e+00 2.909303377272307500e+01 9.075665292984353982e+00 -1.732415569503375252e+01 2.456266531909355066e+01
4.600000000000000000e+01 -7.855835763288966156e+00 -5.860887568685802407e+00 2.918632577516081739e+01 8.467508265206049600e+00 -1.754753252723766010e+01 2.438197315121857045e+01
4.700000000000000000e+01 -8.380242961134214852e+00 -5.613308717464331465e+00 2.927756744702778136e+01 7.857115614682801841e+00 -1.774554489818201120e+01 2.419815113735387868e+01
4.800000000000000000e+01 -8.907235865059700330e+00 -5.341070868593543963e+00 2.936662584869605297e+01 7.245392527109309810e+00 -1.791850984097239063e+01 2.401140929506155430e+01
4.900000000000000000e+01 -9.436030762222637591e+00 -5.043615638974523030e+00 2.945336490398294416e+01 6.633214839645770411e+00 -1.806676821797537613e+01 2.382195036680955624e+01
5.000000000000000000e+01 -9.965807079411293401e+00 -4.720400201782206651e+00 2.953764545664903807e+01 6.021428982712263789e+00 -1.819068296763473214e+01 2.362996989258957825e+01
5.100000000000000000e+01 -1.049570693241830099e+01 -4.370899199992123840e+00 2.961932533796675671e+01 5.410851996541715003e+00 -1.829063740862552123e+01 2.343565629296314867e+01
5.200000000000000000e+01 -1.102483474569145905e+01 -3.994606746108523954e+00 2.969825944599892864e+01 4.802271617064985954e+00 -1.836703360258066198e+01 2.323919096153699826e+01
5.300000000000000000e+01 -1.155225694927479019e+01 -3.591038507795861978e+00 2.977429983723331119e+01 4.196446425868417762e+00 -1.842029077630249390e+01 2.304074836591717101e+01
5.400000000000000000e+01 -1.207700176033291228e+01 -3.159733878704747312e+00 2.984729583122399532e+01 3.594106059140309561e+00 -1.845084380407339708e+01 2.284049615623752416e+01
5.500000000000000000e+01 -1.259805905681899851e+01 -2.700258233335770086e+00 2.991709412889240127e+01 2.995951470706557540e+00 -1.845914175040535099e+01 2.263859528040584834e+01
5.600000000000000000e+01 -1.311438035109891054e+01 -2.212205264298714891e+00 2.998353894513871509e+01 2.402655244445793592e+00 -1.844564647331698026e+01 2.243520010525742236e+01
5.700000000000000000e+01 -1.362487887157693578e+01 -1.695199399799968143e+00 3.004647215640934022e+01 1.814861951567862342e+00 -1.841083128799659363e+01 2.223045854285104639e+01
5.800000000000000000e+01 -1.412842976057961408e+01 -1.148898298626714665e+00 3.010573346385707083e+01 1.233188548436533249e+00 -1.835517969050173548e+01 2.202451218118761389e+01
5.900000000000000000e+01 -1.462387039693775925e+01 -5.729954192923631950e-01 3.016116057271702999e+01 6.582248108156517619e-01 -1.827918414095706368e+01 2.181749641867533640e+01
6.000000000000000000e+01 -1.511000085186061526e+01 3.277734063712443857e-02 3.021258938850264286e+01 9.053380061598848005e-02 -1.818334490554320126e+01 2.160954060170784174e+01
6.100000000000000000e+01 -1.558558448681445263e+01 6.686469396999986659e-01 3.025985423060373236e+01 -4.693476385815301133e-01 -1.806816895641802745e+01 2.140076816476306831e+01
6.200000000000000000e+01 -1.604934870219663523e+01 1.334796427567084942e+00 3.030278806383866552e+01 -1.020908360755184097e+00 -1.793416892857815981e+01 2.119129677247087784e+01
6.300000000000000000e+01 -1.649998584563062920e+01 2.031362126092054687e+00 3.034122274847885237e+01 -1.563662374759586360e+00 -1.778186213255033365e+01 2.098123846313587748e+01
6.400000000000000000e+01 -1.693615428869221518e+01 2.758430763333599156e+00 3.037498930922260598e+01 -2.097148282875735514e+00 -1.761176962170011606e+01 2.077069979323935200e+01
6.500000000000000000e+01 -1.735647968080712644e+01 3.516036568334364176e+00 3.040391822354774476e+01 -2.620928703553066175e+00 -1.742441531285658129e+01 2.055978198247946764e+01
6.600000000000000000e+01 -1.775955638893069022e+01 4.304158335309282712e+00 3.042783972981829166e+01 -3.134589681120840687e+00 -1.722032515887676141e+01 2.034858105894376124e+01
6.700000000000000000e+01 -1.814394913142432486e+01 5.122716466793890255e+00 3.044658415545849550e+01 -3.637740085069493201e+00 -1.700002637171096254e+01 2.013718800404022957e+01
6.800000000000000000e+01 -1.850819481427803481e+01 5.971570006227858052e+00 3.045998226543827769e+01 -4.130011001331301834e+00 -1.676404669447814300e+01 1.992568889684456224e+01
6.900000000000000000e+01 -1.885080457748495775e+01 6.850513671395633608e+00 3.046786563123721692e+01 -4.611055117823759986e+00 -1.651291372102036448e+01 1.971416505755093596e+01
7.000000000000000000e+01 -1.917026605895003044e+01 7.759274901111267830e+00 3.047006702036802750e+01 -5.080546106359680181e+00 -1.624715426137372276e+01 1.950269318974180521e+01
7.100000000000000000e+01 -1.946504588280339831e+01 8.697510928510343575e+00 3.046642080644795314e+01 -5.538178002873713979e+00 -1.596729375157103092e+01 1.929134552121893620e+01
7.200000000000000000e+01 -1.973359237838585045e+01 9.664805895295245364e+00 3.045676339970330204e+01 -5.983664587768059206e+00 -1.567385570617788204e+01 1.908018994316315897e+01
7.300000000000000000e+01 -1.997433853547302718e+01 1.066066802226070109e+01 3.044093369768203416e+01 -6.416738768038483975e+00 -1.536736121195599125e+01 1.886929014741409105e+01
7.400000000000000000e+01 -2.018570520050372608e+01 1.168452685239894784e+01 3.041877355582984066e+01 -6.837151962707203268e+00 -1.504832846104910615e+01 1.865870576168376260e+01
7.500000000000000000e+01 -2.036610451767052510e+01 1.273573058383866474e+01 3.039012827745730405e+01 -7.244673492960494343e+00 -1.471727232209151026e+01 1.844849248253885321e+01
7.600000000000000000e+01 -2.051394361771483688e+01 1.381354351079903253e+01 3.035484712248870665e+01 -7.639089978266854430e+00 -1.437470394765158943e+01 1.823870220600641190e+01
7.700000000000000000e+01 -2.062762855614181134e+01 1.491714359163132464e+01 3.031278383423951439e+01 -8.020204739635527602e+00 -1.402113041643846714e+01 1.802938315567615035e+01
7.800000000000000000e+01 -2.070556850132846094e+01 1.604562016386191559e+01 3.026379718331547153e+01 -8.387837211065408027e+00 -1.365705440872107346e+01 1.782058000819008825e+01
7.900000000000000000e+01 -2.074618017164367600e+01 1.719797182693461579e+01 3.020775152756784010e+01 -8.741822360130909075e+00 -1.328297391343238942e+01 1.761233401602608595e+01
8.000000000000000000e+01 -2.074789251922731736e+01 1.837310451405938139e+01 3.014451738687098370e+01 -9.082010118553158762e+00 -1.289938196546034810e+01 1.740468312749722912e+01
8.100000000000000000e+01 -2.070915165649104495e+01 1.956982977520133815e+01 3.007397203131587204e+01 -9.408264823513356134e+00 -1.250676641165615344e+01 1.719766210390272576e+01
8.200000000000000000e+01 -2.062842601970730172e+01 2.078686329377069697e+01 2.999600008123431039e+01 -9.720464670378524019e+00 -1.210560970412480231e+01 1.699130263377919192e+01
8.300000000000000000e+01 -2.050421176224780950e+01 2.202282365998994607e+01 2.991049411728534224e+01 -1.001850117742890234e+01 -1.169638871939645064e+01 1.678563344421269932e+01
8.400000000000000000e+01 -2.033503836812478482e+01 2.327623142420178226e+01 2.981735529864829104e+01 -1.030227866310075946e+01 -1.127957460211481688e+01 1.658068040918374564e+01
8.500000000000000000e+01 -2.011947447448349280e+01 2.454550845353099575e+01 2.971649398717832113e+01 -1.057171373618778354e+01 -1.085563263191608740e+01 1.637646665492675879e+01
8.600000000000000000e+01 -1.985613388960085146e+01 2.582897761530352909e+01 2.960783037519012240e+01 -1.082673479937826677e+01 -1.042502211221111530e+01 1.617301266229548062e+01
8.700000000000000000e+01 -1.954368179077311396e+01 2.712486281045013925e+01 2.949129511434606599e+01 -1.106728156644463468e+01 -9.988196279623425156e+00 1.597033636613398322e+01
8.800000000000000000e+01 -1.918084108423619583e+01 2.843128937975979653e+01 2.936682994293814275e+01 -1.129330459334506287e+01 -9.545602232876149174e+00 1.576845325166109646e+01
8.900000000000000000e+01 -1.876639890697025237e+01 2.974628490529017455e+01 2.923438830867004512e+01 -1.150476482344484275e+01 -9.097680879961114186e+00 1.556737644788271524e+01
9.000000000000000000e+01 -1.829921324790965897e+01 3.106778042847341226e+01 2.909393598386826341e+01 -1.170163314701671631e+01 -8.644866902464535485e+00 1.536711681805324403e+01
9.100000000000000000e+01 -1.777821966372934881e+01 3.239361210546558567e+01 2.894545166988232765e+01 -1.188388997513558643e+01 -8.187588735964469677e+00 1.516768304721327354e+01
9.200000000000000000e+01 -1.720243806202715575e+01 3.372152331906514888e+01 2.878892758727518952e+01 -1.205152482804180636e+01 -7.726268565455238324e+00 1.496908172683563087e+01
9.300000000000000000e+01 -1.657097952239011462e+01 3.504916726506132818e+01 2.862437004825797970e+01 -1.220453593801071079e+01 -7.261322334794497735e+00 1.477131743661678343e+01
9.400000000000000000e+01 -1.588305312354505539e+01 3.637411002916014979e+01 2.845180000769140705e+01 -1.234292986673180081e+01 -6.793159769207945509e+00 1.457439282345488785e+01
9.500000000000000000e+01 -1.513797274257332326e+01 3.769383416866846659e+01 2.827125358886152995e+01 -1.246672113717055019e+01 -6.322184409925558413e+00 1.437830867765918619e+01
9.600000000000000000e+01 -1.433516379004319852e+01 3.900574281089162554e+01 2.808278258014172124e+01 -1.257593187985824024e+01 -5.848793660061648580e+00 1.418306400643940357e+01
9.700000000000000000e+01 -1.347416984290856412e+01 4.030716427771697852e+01 2.788645489857942295e+01 -1.267059149352961178e+01 -5.373378840887882646e+00 1.398865610472581089e+01
9.800000000000000000e+01 -1.255465913516801812e+01 4.159535724311793814e+01 2.768235501639715324e+01 -1.275073632000664503e+01 -4.896325257685533394e+00 1.379508062337410124e+01
9.900000000000000000e+01 -1.157643086460254978e+01 4.286751642732461676e+01 2.747058434637421342e+01 -1.281640933320603004e+01 -4.418012274397921324e+00 1.360233163481061958e+01
1.000000000000000000e+02 -1.053942127244499716e+01 4.412077882817707319e+01 2.725126158208241023e+01 -1.286765984213086966e+01 -3.938813396339160722e+00 1.341040169617606992e+01
1.010000000000000000e+02 -9.443709451607336547e+00 4.535223048671548440e+01 2.702452298898525740e+01 -1.290454320769110197e+01 -3.459096360248091084e+00 1.321928191002664121e+01
1.020000000000000000e+02 -8.289522838136790028e+00 4.655891378039208917e+01 2.679052264248204906e+01 -1.292712057318404639e+01 -2.979223231009143991e+00 1.302896198265370131e+01
1.030000000000000000e+02 -7.077242339912905855e+00 4.773783523341545276e+01 2.654943260908068581e+01 -1.293545860825436655e+01 -2.499550504392317407e+00 1.283943028008339127e+01
1.040000000000000000e+02 -5.807407056269292767e+00 4.888597382970309013e+01 2.630144306702652912e+01 -1.292962926614313091e+01 -2.020429215195200356e+00 1.265067388181916108e+01
1.050000000000000000e+02 -4.480718542247116964e+00 5.000028980972965087e+01 2.604676236289052582e+01 -1.290970955402682563e+01 -1.542205050198067973e+00 1.246267863239015838e+01
1.060000000000000000e+02 -3.098044571592007301e+00 5.107773392826282333e+01 2.578561700083857744e+01 -1.287578131624060340e+01 -1.065218465371131407e+00 1.227542919076957695e+01
1.070000000000000000e+02 -1.660422353409968466e+00 5.211525714559935096e+01 2.551825156155751628e+01 -1.282793103017413827e+01 -5.898048067992380794e-01 1.208890907772678247e+01
1.080000000000000000e+02 -1.690611586253095988e-01 5.310982072049414171e+01 2.524492854810853260e+01 -1.276624961462431962e+01 -1.162944348147179480e-01 1.190310072117782347e+01
1.090000000000000000e+02 1.374655685955407547e+00 5.405840666855720400e+01 2.496592815631063544e+01 -1.269083225038547447e+01 3.549871491471384699e-01 1.171798549959830282e+01
1.100000000000000000e+02 2.969169476058474366e+00 5.495802854551643435e+01 2.468154796762740233e+01 -1.260177821285589950e+01 8.237191734325394199e-01 1.153354378356316090e+01
1.110000000000000000e+02 4.612745518354802954e+00 5.580574251045651124e+01 2.439210256293705825e+01 -1.249919071643792101e+01 1.289585465234208028e+00 1.134975497547737966e+01
1.120000000000000000e+02 6.303473263364078427e+00 5.659865862000118852e+01 2.409792305600677409e+01 -1.238317677050853582e+01 1.752274318257579733e+00 1.116659754756155642e+01
1.130000000000000000e+02 8.039267213866340356e+00 5.733395230044534685e+01 2.379935654596638983e+01 -1.225384704673748004e+01 2.211478359389052351e+00 1.098404907815573139e+01
1.140000000000000000e+02 9.817868635912120112e+00 5.800887594112782608e+01 2.349676548857916458e+01 -1.211131575753132594e+01 2.666894414749069853e+00 1.080208628640497714e+01
1.150000000000000000e+02 1.163684809516524510e+01 5.862077054891124561e+01 2.319052698663681156e+01 -1.195570054538301008e+01 3.118223375495684291e+00 1.062068506538922819e+01
1.160000000000000000e+02 1.349360883654540011e+01 5.916707740055370834e+01 2.288103200035737927e+01 -1.178712238290886916e+01 3.565170063728233973e+00 1.043982051375987474e+01
1.170000000000000000e+02 1.538539101998582481e+01 5.964534962706767374e+01 2.256868447923370624e+01 -1.160570548335758723e+01 4.007443098825858918e+00 1.025946696594491314e+01
1.180000000000000000e+02 1.730927681962042897e+01 6.005326366191860643e+01 2.225390041736292446e+01 -1.141157722137832131e+01 4.444754764541700709e+00 1.007959802098386781e+01
1.190000000000000000e+02 1.926219638789952171e+01 6.038863048315098325e+01 2.193710683487754665e+01 -1.120486806383899392e+01 4.876820877160573886e+00 9.900186570053485013e+00
1.200000000000000000e+02 2.124093468005538909e+01 6.064940657830408810e+01 2.161874068869162713e+01 -1.098571151048880878e+01 5.303360655016378544e+00 9.721204822744413221e+00
1.210000000000000000e+02 2.324213912804374260e+01 6.083370456031178009e+01 2.129924771636398262e+01 -1.075424404426325964e+01 5.724096589654434020e+00 9.542624332148646360e+00
1.220000000000000000e+02 2.526232814663088533e+01 6.093980336251517116e+01 2.097908121746080568e+01 -1.051060509103344387e+01 6.138754318914029007e+00 9.364416018816944742e+00
1.230000000000000000e+02 2.729790044774712854e+01 6.096615794147818690e+01 2.065870077736219912e+01 -1.025493698860626601e+01 6.547062502197589673e+00 9.186550193645283358e+00
1.240000000000000000e+02 2.934514513263663105e+01 6.091140841749790269e+01 2.033857093899953483e+01 -9.987384964785213981e+00 6.948752698184756049e+00 9.008996579748270506e+00
1.250000000000000000e+02 3.140025252478466555e+01 6.077438858456565640e+01 2.001915982852173670e+01 -9.708097124306826586e+00 7.343559245242553324e+00 8.831724333377826142e+00
1.260000000000000000e+02 3.345932570015386176e+01 6.055413372405886463e+01 1.970093774136701015e+01 -9.417224444470978284e+00 7.731219144776449781e+00 8.654702063944366586e+00
1.270000000000000000e+02 3.551839266498956249e+01 6.024988765962931581e+01 1.938437569565212470e+01 -9.114920779287929875e+00 8.111471947761682344e+00 8.477897853197662315e+00
1.280000000000000000e+02 3.757341912543495965e+01 5.986110899458779500e+01 1.906994396018134452e+01 -8.801342871968872217e+00 8.484059644689750712e+00 8.301279273624356136e+00
1.290000000000000000e+02 3.962032178749262812e+01 5.938747647754627224e+01 1.875811056471431826e+01 -8.476650375590443431e+00 8.848726559160821736e+00 8.124813406118471804e+00
1.300000000000000000e+02 4.165498212056194660e+01 5.882889344714329383e+01 1.844933980041205501e+01 -8.141005881767432228e+00 9.205219245349946178e+00 7.948466856981362127e+00
1.310000000000000000e+02 4.367326051293058953e+01 5.818549131230341942e+01 1.814409071859901701e+01 -7.794574957171557905e+00 9.553286389572592796e+00 7.772205774307270332e+00
1.320000000000000000e+02 4.567101074327106858e+01 5.745763203062514179e+01 1.784281563613212995e+01 -7.437526187736967387e+00 9.892678716173524123e+00 7.595995863810541593e+00
1.330000000000000000e+02 4.764409468844888096e+01 5.664590955410264428e+01 1.754595865575219094e+01 -7.070031230396436328e+00 1.022314889796192894e+01 7.419802404150421360e+00
1.340000000000000000e+02 4.958839718483704928e+01 5.575115021839982177e+01 1.725395420980786909e+01 -6.692264872194749969e+00 1.054445147141563766e+01 7.243590261809703001e+00
1.350000000000000000e+02 5.149984095790471628e+01 5.477441205924684198e+01 1.696722563568359377e+01 -6.304405096627719196e+00 1.085634275687772110e+01 7.067323905583022814e+00
1.360000000000000000e+02 5.337440153314044267e+01 5.371698304715070549e+01 1.668618379113261341e+01 -5.906633157057719075e+00 1.115858078396986031e+01 6.890967420731441528e+00
1.370000000000000000e+02 5.520812204041128268e+01 5.258037823941402422e+01 1.641122571751301606e+01 -5.499133657057402758e+00 1.145092522244839373e+01 6.714484522859517135e+00
1.380000000000000000e+02 5.699712782367713970e+01 5.136633585637530786e+01 1.614273335865035008e+01 -5.082094637534772197e+00 1.173313731873153642e+01 6.537838571571875868e+00
1.390000000000000000e+02 5.873764076857603555e+01 5.007681229671954526e+01 1.588107234270745138e+01 -4.655707670493071326e+00 1.200497983832876692e+01 6.360992583966383229e+00
1.400000000000000000e+02 6.042599326178495289e+01 4.871397611458930754e+01 1.562659083403237759e+01 -4.220167959279063297e+00 1.226621701440709344e+01 6.183909248021691951e+00
1.410000000000000000e+02 6.205864169822311993e+01 4.728020098895751033e+01 1.537961846148369816e+01 -3.775674445172376270e+00 1.251661450273260812e+01 6.006550935937148950e+00
1.420000000000000000e+02 6.363217945509135376e+01 4.577805772322911793e+01 1.514046532920366950e+01 -3.322429920168007200e+00 1.275593934323023504e+01 5.828879717484077183e+00
1.430000000000000000e+02 6.514334925539847632e+01 4.421030532023066684e+01 1.490942111522790015e+01 -2.860641145801866347e+00 1.298395992840945823e+01 5.650857373427862207e+00
1.440000000000000000e+02 6.658905484798282259e+01 4.257988118455229198e+01 1.468675426269269657e+01 -2.390518977866945782e+00 1.320044597890911398e+01 5.472445409081119649e+00
1.450000000000000000e+02 6.796637193604252047e+01 4.088989051054985424e+01 1.447271126773394023e+01 -1.912278496864699529e+00 1.340516852642019430e+01 5.293605068049167528e+00
1.460000000000000000e+02 6.927255829179048874e+01 3.914359492012905406e+01 1.426751606747159329e+01 -1.426139144032271044e+00 1.359789990425148787e+01 5.114297346229885299e+00
1.470000000000000000e+02 7.050506300099111456e+01 3.734440041965865476e+01 1.407136953074889441e+01 -9.323248627817870560e-01 1.377841374580969891e+01 4.934483006131183735e+00
1.480000000000000000e+02 7.166153478774029395e+01 3.549584474994180283e+01 1.388444905355313708e+01 -4.310642453822662867e-01 1.394648499127229613e+01 4.754122591570297374e+00
1.490000000000000000e+02 7.273982937685228478e+01 3.360158420707136173e+01 1.370690826029297860e+01 7.740931529122058175e-02 1.410188990273864107e+01 4.573176442820503951e+00
1.500000000000000000e+02 7.373801585853649954e+01 3.166538001517045586e+01 1.353887681135359600e+01 5.928574691236956351e-01 1.424440608815212883e+01 4.391604712272001443e+00
1.510000000000000000e+02 7.465438202759706598e+01 2.969108433444359818e+01 1.338046031660423196e+01 1.115036747432297970e+00 1.437381253429399663e+01 4.209367380675231196e+00
1.520000000000000000e+02 7.548743867710183508e+01 2.768262598962836663e+01 1.323174035379825142e+01 1.643698397143791068e+00 1.448988964915704791e+01 4.026424274036213724e+00
1.530000000000000000e+02 7.623592283423934646e+01 2.564399600482861885e+01 1.309277459009434885e+01 2.178588210686869253e+00 1.459241931401562198e+01 3.842735081235214789e+00
1.540000000000000000e+02 7.689879993384904822e+01 2.357923303083431321e+01 1.296359700424267913e+01 2.719446351819679197e+00 1.468118494551632125e+01 3.658259372441583945e+00
1.550000000000000000e+02 7.747526493278245141e+01 2.149240875040312915e+01 1.284421820632986133e+01 3.266007177625108948e+00 1.475597156812191280e+01 3.472956618399339668e+00
1.560000000000000000e+02 7.796474237574754795e+01 1.938761334561519334e+01 1.273462585136762648e+01 3.817999056919423317e+00 1.481656589724935813e+01 3.286786210659908836e+00
1.570000000000000000e+02 7.836688543054221157e+01 1.726894110934657078e+01 1.263478514244594919e+01 4.375144185334116642e+00 1.486275643345075359e+01 3.099707482840295736e+00
1.580000000000000000e+02 7.868157391751780949e+01 1.514047628017582348e+01 1.254463941865768106e+01 4.937158397346551375e+00 1.489433356799428587e+01 2.911679732986908853e+00
1.590000000000000000e+02 7.890891136466733258e+01 1.300627917668854749e+01 1.246411082254250324e+01 5.503750975551481517e+00 1.491108970020991897e+01 2.722662247127288548e+00
1.600000000000000000e+02 7.904922112585158800e+01 1.087037270322598204e+01 1.239310104139501334e+01 6.074624457484000040e+00 1.491281936697261656e+01 2.532614324094062397e+00
1.610000000000000000e+02 7.910304160530571949e+01 8.736729294696433001e+00 1.233149211643896415e+01 6.649474440323462687e+00 1.489931938470301986e+01 2.341495301707627874e+00
1.620000000000000000e+02 7.907112063666893675e+01 6.609258363189289831e+00 1.227914731358676548e+01 7.227989383828858472e+00 1.487038900427263144e+01 2.149264584406289647e+00
1.630000000000000000e+02 7.895440906931341374e+01 4.491794303868457128e+00 1.223591204928305132e+01 7.809850411878477949e+00 1.482583007920734097e+01 1.955881672414788053e+00
1.640000000000000000e+02 7.875405361869287901e+01 2.388085112039461499e+00 1.220161486477105584e+01 8.394731113010236001e+00 1.476544724758904437e+01 1.761306192544456639e+00
1.650000000000000000e+02 7.847138904076119559e+01 3.017816574547077524e-01 1.217606844202227734e+01 8.982297340384198137e+00 1.468904812806084159e+01 1.565497930720715081e+00
1.660000000000000000e+02 7.810792969322550050e+01 -1.763572344094048283e+00 1.215907065453010993e+01 9.572207011615633476e+00 1.459644353034599185e+01 1.368416866335789850e+00
1.670000000000000000e+02 7.766536054848305071e+01 -3.804549627974447734e+00 1.215040564618602481e+01 1.016410990895547783e+01 1.448744768069493816e+01 1.170023208527079417e+00
1.680000000000000000e+02 7.714552772456100627e+01 -5.817847918957411935e+00 1.214984493152882727e+01 1.075764748032444729e+01 1.436187846267753265e+01 9.702774344839603105e-01
1.690000000000000000e+02 7.655042860123997173e+01 -7.800297688922161576e+00 1.215714851078109682e+01 1.135245264173961921e+01 1.421955767374045010e+01 7.691403298881431816e-01
1.700000000000000000e+02 7.588220158881348709e+01 -9.748869118522746291e+00 1.217206599325849048e+01 1.194814958170448982e+01 1.406031129794964940e+01 5.665730315952686169e-01
1.710000000000000000e+02 7.514311561664449357e+01 -1.166067825327047380e+01 1.219433772295194629e+01 1.254435356816954439e+01 1.388396979533849063e+01 3.625370726675615773e-01
1.720000000000000000e+02 7.433555940785201699e+01 -1.353299235025604652e+01 1.222369590033852305e+01 1.314067075870687162e+01 1.369036840827969037e+01 1.569944298697827922e-01
1.730000000000000000e+02 7.346203060513603589e+01 -1.536323441727181027e+01 1.225986569476513743e+01 1.373669801458050621e+01 1.347934748529636195e+01 -5.009242625693238055e-02
1.740000000000000000e+02 7.252512481095440933e+01 -1.714898695135959983e+01 1.230256634207071365e+01 1.433202271943500072e+01 1.325075282272215027e+01 -2.587604786267244106e-01
1.750000000000000000e+02 7.152752460306093951e+01 -1.888799488876514232e+01 1.235151222245726821e+01 1.492622260336732687e+01 1.300443602461403891e+01 -4.690461080274897498e-01
1.760000000000000000e+02 7.047198858381689490e+01 -2.057816778289058846e+01 1.240641391398839311e+01 1.551886557318965387e+01 1.274025488131187878e+01 -6.809850346052438441e-01
1.770000000000000000e+02 6.936134051877550633e+01 -2.221758123108680749e+01 1.246697921747617777e+01 1.610950954973809246e+01 1.245807376702807368e+01 -8.946122562920255650e-01
1.780000000000000000e+02 6.819845861682875920e+01 -2.380447757498816586e+01 1.253291414891354449e+01 1.669770231312893927e+01 1.215776405683704198e+01 -1.109961984053055684e+00
1.790000000000000000e+02 6.698626500075927481e+01 -2.533726590255249533e+01 1.260392389601161867e+01 1.728298135691350979e+01 1.183920456341795813e+01 -1.327067573827482416e+00
1.800000000000000000e+02 6.572771541340371471e+01 -2.681452138302412536e+01 1.267971373580792971e+01 1.786487375213346596e+01 1.150228199388505423e+01 -1.545961455035791188e+00
1.810000000000000000e+02 6.442578920085134087e+01 -2.823498396867784876e+01 1.275998991071659461e+01 1.844289602233209280e+01 1.114689142701819868e+01 -1.766675055526036209e+00
1.820000000000000000e+02 6.308347961020601957e+01 -2.959755649943083711e+01 1.284446046079339609e+01 1.901655403062975935e+01 1.077293681118039537e+01 -1.989238722830217743e+00
1.830000000000000000e+02 6.170378443549888914e+01 -3.090130224823396787e+01 1.293283601038184649e+01 1.958534288002922708e+01 1.038033148318064569e+01 -2.213681641601878081e+00
1.840000000000000000e+02 6.028969704136034125e+01 -3.214544194658137144e+01 1.302483050768972461e+01 2.014874682817273310e+01 9.968998708307307055e+00 -2.440031747105923632e+00
1.850000000000000000e+02 5.884419779011366813e+01 -3.332935033052073948e+01 1.312016191621495764e+01 2.070623921783190013e+01 9.538872241721092493e+00 -2.668315634632007605e+00
1.860000000000000000e+02 5.737024589404355623e+01 -3.445255224822476237e+01 1.321855285729388285e+01 2.125728242447117466e+01 9.089896911355248577e+00 -2.898558464703778537e+00
1.870000000000000000e+02 5.587077171077331883e+01 -3.551471837051300895e+01 1.331973120338111727e+01 2.180132782228655941e+01 8.622029222425124928e+00 -3.130783863957463442e+00
1.880000000000000000e+02 5.434866949597717678e+01 -3.651566054571514286e+01 1.342343062198668591e+01 2.233781577018324072e+01 8.135237983599179046e+00 -3.365013821565202790e+00
1.890000000000000000e+02 5.280679062407355673e+01 -3.745532683996597711e+01 1.352939107049275336e+01 2.286617561921867647e+01 7.629504954827339702e+00 -3.601268581081204179e+00
1.900000000000000000e+02 5.124793728413148841e+01 -3.833379630343898725e+01 1.363735924234580921e+01 2.338582574309961615e+01 7.104825516762232063e+00 -3.839566527591401712e+00
1.910000000000000000e+02 4.967485665497788005e+01 -3.915127350219176350e+01 1.374708896537237202e+01 2.389617359338650360e+01 6.561209361641686222e+00 -4.079924070051728968e+00
1.920000000000000000e+02 4.809023556044064662e+01 -3.990808285423116075e+01 1.385834155319458105e+01 2.439661578112071894e+01 5.998681205428142427e+00 -4.322355518704290134e+00
1.930000000000000000e+02 4.649669560281282088e+01 -4.060466280713934850e+01 1.397088611092800292e+01 2.488653818665379802e+01 5.417281520921656046e+00 -4.566872957466381777e+00
1.940000000000000000e+02 4.489678876998566892e+01 -4.124155989316088977e+01 1.408449979652612605e+01 2.536531609951966360e+01 4.817067291477391322e+00 -4.813486111193422623e+00
1.950000000000000000e+02 4.329299350927406209e+01 -4.181942269605653451e+01 1.419896803929608176e+01 2.583231439025292175e+01 4.198112784865315916e+00 -5.062202207724617153e+00
1.960000000000000000e+02 4.168771125875993988e+01 -4.233899576231121387e+01 1.431408471724721743e+01 2.628688771611505715e+01 3.560510346710600516e+00 -5.313025834627888244e+00
1.970000000000000000e+02 4.008326342499918837e+01 -4.280111348746462596e+01 1.442965229505037961e+01 2.672838076274917540e+01 2.904371212845006767e+00 -5.565958790570700643e+00
1.980000000000000000e+02 3.848188879417765662e+01 -4.320669400643343039e+01 1.454548192448040211e+01 2.715612852383925357e+01 2.229826339784311440e+00 -5.820999931253898474e+00
1.990000000000000000e+02 3.688574136226382194e+01 -4.355673311474063780e+01 1.466139350928987284e+01 2.756945662090228666e+01 1.537027252423870172e+00 -6.078145009857442105e+00
2.000000000000000000e+02 3.529688856837144328e+01 -4.385229824557537626e+01 1.477721573651820997e+01 2.796768166539080624e+01 8.261469079114955871e-01 -6.337386511960736435e+00
2.010000000000000000e+02 3.371730991442649383e+01 -4.409452252560032548e+01 1.489278607627932161e+01 2.835011166532872906e+01 9.738057451781580165e-02 -6.598713484914696004e+00
2.020000000000000000e+02 3.214889595330208749e+01 -4.428459893041495832e+01 1.500795075209273044e+01 2.871604647874246652e+01 -6.490532758261552404e-01 -6.862111361659140485e+00
2.030000000000000000e+02 3.059344762684740004e+01 -4.442377455859237045e+01 1.512256468383066377e+01 2.906477831618542851e+01 -1.412912062812295755e+00 -7.127561778997530517e+00
2.040000000000000000e+02 2.905267593467808140e+01 -4.451334504124650948e+01 1.523649140534619484e+01 2.939559229468046198e+01 -2.193928182514460978e+00 -7.395042390359995998e+00
2.050000000000000000e+02 2.752820191419934659e+01 -4.455464910216902297e+01 1.534960295882812709e+01 2.970776704542709368e+01 -2.991808083455677725e+00 -7.664526673108071897e+00
2.060000000000000000e+02 2.602155691209821953e+01 -4.454906328171111340e+01 1.546177976789701169e+01 3.000057537763327886e+01 -3.806231336001157928e+00 -7.935983730457421892e+00
2.070000000000000000e+02 2.453418312744732432e+01 -4.449799683578727638e+01 1.557291049141545614e+01 3.027328500083413232e+01 -4.636849697290201355e+00 -8.209378088120551809e+00
2.080000000000000000e+02 2.306743440660324396e+01 -4.440288681964931072e+01 1.568289185993590173e+01 3.052515930805617472e+01 -5.483286174124669010e+00 -8.484669485799150479e+00
2.090000000000000000e+02 2.162257727024293530e+01 -4.426519336443111285e+01 1.579162849665038415e+01 3.075545822216614056e+01 -6.345134086444790711e+00 -8.761812663685159208e+00
2.100000000000000000e+02 2.020079215314821397e+01 -4.408639515289812749e+01 1.589903272464303008e+01 3.096343910771652119e+01 -7.221956134247370152e+00 -9.040757144162386183e+00
2.110000000000000000e+02 1.880317483771971254e+01 -4.386798509936112822e+01 1.600502436217470503e+01 3.114835775055533063e+01 -8.113283471030293015e+00 -9.321447008933789746e+00
2.120000000000000000e+02 1.743073806264739645e+01 -4.361146623732516048e+01 1.610953050765555261e+01 3.130946940741192464e+01 -9.018614787089637375e+00 -9.603820671837395295e+00
2.130000000000000000e+02 1.608441328869644593e+01 -4.331834781715451044e+01 1.621248531588192421e+01 3.144602992759792315e+01 -9.937415406241914440e+00 -9.887810647652498730e+00
2.140000000000000000e+02 1.476505260415502008e+01 -4.299014161483324870e+01 1.631382976703371313e+01 3.155729694887083880e+01 -1.086911639979923905e+01 -1.017334331723956709e+01
2.150000000000000000e+02 1.347343075313595406e+01 -4.262835845179674976e+01 1.641351142984488831e+01 3.164253116940231081e+01 -1.181311372188813458e+01 -1.046033868940209821e+01
2.160000000000000000e+02 1.221024727061462833e+01 -4.223450492479739182e+01 1.651148422027614870e+01 3.170099769766288134e+01 -1.276876737046918109e+01 -1.074871015990536982e+01
2.170000000000000000e+02 1.097612870880892544e+01 -4.181008034384550598e+01 1.660770815693411606e+01 3.173196748188704319e+01 -1.373540057868847164e+01 -1.103836426813654370e+01
2.180000000000000000e+02 9.771630940260491727e+00 -4.135657387543800922e+01 1.670214911439742522e+01 3.173471882061118876e+01 -1.471229904146852441e+01 -1.132920045194346770e+01
2.190000000000000000e+02 8.597241523747554126e+00 -4.087546188753946552e+01 1.679477857552643982e+01 3.170853895558123270e+01 -1.569871018252597494e+01 -1.162111080124408957e+01
2.200000000000000000e+02 7.453382119944962803e+00 -4.036820549212283282e+01 1.688557338375126449e+01 3.165272574810622075e+01 -1.669384246728340671e+01 -1.191397981105583881e+01
2.210000000000000000e+02 6.340410944535434190e+00 -3.983624828049423883e+01 1.697451549625219513e+01 3.156658943968752240e+01 -1.769686476742581860e+01 -1.220768413465530244e+01
2.220000000000000000e+02 5.258625247269168135e+00 -3.928101424612522408e+01 1.706159173886852543e+01 3.144945449747737953e+01 -1.870690578312788688e+01 -1.250209233764018535e+01
2.230000000000000000e+02 4.208263806251792971e+00 -3.870390588928251674e+01 1.714679356349516581e+01 3.130066154481678353e+01 -1.972305352925602406e+01 -1.279706465373135948e+01
2.240000000000000000e+02 3.189509427517501106e+00 -3.810630249738601805e+01 1.723011680865378992e+01 3.111956937676744417e+01 -2.074435489211708372e+01 -1.309245274321999375e+01
2.250000000000000000e+02 2.202491440705855563e+00 -3.748955859472617647e+01 1.731156146385419348e+01 3.090555706018665205e+01 -2.176981526358618169e+01 -1.338809945503402332e+01
2.260000000000000000e+02 1.247288182403458290e+00 -3.685500255493502664e+01 1.739113143829446173e+01 3.065802611749384354e+01 -2.279839825969775902e+01 -1.368383859347004083e+01
2.270000000000000000e+02 3.239294594374706460e-01 -3.620393536942539470e+01 1.746883433438409128e+01 3.037640279284605072e+01 -2.382902553101826726e+01 -1.397949469070922923e+01
2.280000000000000000e+02 -5.676010148938442912e-01 -3.553762956488107960e+01 1.754468122651335804e+01 3.006014039897159051e+01 -2.486057667234119251e+01 -1.427488278631096108e+01
2.290000000000000000e+02 -1.427363217992348776e+00 -3.485732826279989638e+01 1.761868644543460150e+01 2.970872174240999186e+01 -2.589188923944470133e+01 -1.456980821495315759e+01
2.300000000000000000e+02 -2.255458454224199549e+00 -3.416424437405302683e+01 1.769086736856645103e+01 2.932166162436849177e+01 -2.692175888082959290e+01 -1.486406640376473121e+01
2.310000000000000000e+02 -3.052027035348512385e+00 -3.345955992142422275e+01 1.776124421648172103e+01 2.889850941383339489e+01 -2.794893959250692816e+01 -1.515744268067237144e+01
2.320000000000000000e+02 -3.817246009592691003e+00 -3.274442548312974566e+01 1.782983985579157604e+01 2.843885168896578008e+01 -2.897214410402488838e+01 -1.544971209526051759e+01
2.330000000000000000e+02 -4.551326943296261973e+00 -3.201995975038730080e+01 1.789667960859451767e+01 2.794231494216887057e+01 -2.999004440401126104e+01 -1.574063925371926942e+01
2.340000000000000000e+02 -5.254513758515822808e+00 -3.128724919219981970e+01 1.796179106861750441e+01 2.740856834353717275e+01 -3.100127241355521690e+01 -1.602997816952997212e+01
2.350000000000000000e+02 -5.927080629485793395e+00 -3.054734782064140219e+01 1.802520392413905626e+01 2.683732655668667633e+01 -3.200442081575818065e+01 -1.631747213161113308e+01
2.360000000000000000e+02 -6.569329940361238407e+00 -2.980127705007542360e+01 1.808694978774856921e+01 2.622835260022446846e+01 -3.299804404974096883e+01 -1.660285359171811237e+01
2.370000000000000000e+02 -7.181590306231784737e+00 -2.905002564389905118e+01 1.814706203296499964e+01 2.558146074734406383e+01 -3.398065947730120229e+01 -1.688584407295754986e+01
2.380000000000000000e+02 -7.764214658987770079e+00 -2.829454974258486999e+01 1.820557563770836751e+01 2.489651945523401722e+01 -3.495074873026410245e+01 -1.716615410134025410e+01
2.390000000000000000e+02 -8.317578399242025355e+00 -2.753577296698287569e+01 1.826252703459148918e+01 2.417345431516393361e+01 -3.590675924636041572e+01 -1.744348316235623031e+01
2.400000000000000000e+02 -8.842077615159782411e+00 -2.677458659105025873e+01 1.831795396797567221e+01 2.341225101326845248e+01 -3.684710600118619084e+01 -1.771751968460712945e+01
2.410000000000000000e+02 -9.338127368728079247e+00 -2.601184977838562773e+01 1.837189535771250704e+01 2.261295829118705925e+01 -3.777017344345396310e+01 -1.798794105257857723e+01
2.420000000000000000e+02 -9.806160049699791159e+00 -2.524838987716456273e+01 1.842439116947515032e+01 2.177569089484502385e+01 -3.867431764032197350e+01 -1.825441365067321442e+01
2.430000000000000000e+02 -1.024662379717830163e+01 -2.448500276829605582e+01 1.847548229156603128e+01 2.090063249877762885e+01 -3.955786863908725337e+01 -1.851659294065528272e+01
2.440000000000000000e+02 -1.065998098856273479e+01 -2.372245326184538428e+01 1.852521041807238333e+01 1.998803859251884063e+01 -4.041913305094286812e+01 -1.877412357467744997e+01
2.450000000000000000e+02 -1.104670679535288436e+01 -2.296147553699755406e+01 1.857361793822927964e+01 1.903823931469554154e+01 -4.125639686182906019e+01 -1.902663954607038477e+01
2.460000000000000000e+02 -1.140728780511318519e+01 -2.220277362106325469e+01 1.862074783183836502e+01 1.805164221960259141e+01 -4.206792847464342344e+01 -1.927376438007201642e+01
2.470000000000000000e+02 -1.174222070871674539e+01 -2.144702190325660141e+01 1.866664357058100521e+01 1.702873496018750288e+01 -4.285198198621974086e+01 -1.951511136665771673e+01
2.480000000000000000e+02 -1.205201105183288490e+01 -2.069486567919856057e+01 1.871134902505773923e+01 1.597008787055301582e+01 -4.360680070153087939e+01 -1.975028383760200512e+01
2.490000000000000000e+02 -1.233717204948143475e+01 -1.994692172232294070e+01 1.875490837737869398e+01 1.487635643030572474e+01 -4.433062088651963251e+01 -1.997887548985604766e+01
2.500000000000000000e+02 -1.259822346235625190e+01 -1.920377887857880239e+01 1.879736603912546045e+01 1.374828359234101427e+01 -4.502167575980875824e+01 -2.020047075726181163e+01
2.510000000000000000e+02 -1.283569053351466671e+01 -1.846599868103693254e+01 1.883876657450080572e+01 1.258670195497689903e+01 -4.567819972229090553e+01 -2.041464523254343533e+01
2.520000000000000000e+02 -1.305010298394015678e+01 -1.773411598121673194e+01 1.887915462848027914e+01 1.139253575873713586e+01 -4.629843282224457113e+01 -2.062096614141506734e+01
2.530000000000000000e+02 -1.324199406541011115e+01 -1.700863959415067939e+01 1.891857485977789466e+01 1.016680268754989847e+01 -4.688062545217493238e+01 -2.081899287052519654e+01
2.540000000000000000e+02 -1.341189966903846020e+01 -1.629005295440178003e+01 1.895707187843786556e+01 8.910615453686931531e+00 -4.742304327202842984e+01 -2.100827755081509807e+01
2.550000000000000000e+02 -1.356035748781293115e+01 -1.557881478043699808e+01 1.899469018786400198e+01 7.625183145424826670e+00 -4.792397235179213766e+01 -2.118836569770526879e+01
2.560000000000000000e+02 -1.368790623140837681e+01 -1.487535974494292468e+01 1.903147413109971353e+01 6.311812316183520011e+00 -4.838172452476354835e+01 -2.135879690933854391e+01
2.570000000000000000e+02 -1.379508489152926565e+01 -1.418009914884656553e+01 1.906746784117302340e+01 4.971907793796685127e+00 -4.879464294096429455e+01 -2.151910562389666026e+01
2.580000000000000000e+02 -1.388243205601544439e+01 -1.349342159697078891e+01 1.910271519532288664e+01 3.606973188605040903e+00 -4.916110780829317406e+01 -2.166882193677475854e+01
2.590000000000000000e+02 -1.395048526993543803e+01 -1.281569367341652921e+01 1.913725977292626723e+01 2.218611079251592955e+00 -4.947954230706394441e+01 -2.180747247813908274e+01
2.600000000000000000e+02 -1.399978044188869752e+01 -1.214726061491676390e+01 1.917114481694803274e+01 8.085228554077222851e-01 -4.974841866157361636e+01 -2.193458135111086094e+01
2.610000000000000000e+02 -1.403085129374304785e+01 -1.148844698055447289e+01 1.920441319873953390e+01 -6.214918028179752252e-01 -4.996626435030220392e+01 -2.204967113051165484e+01
2.620000000000000000e+02 -1.404422885204442650e+01 -1.083955731637503916e+01 1.923710738601560877e+01 -2.069535828330770322e+00 -5.013166843427562469e+01 -2.215226392177578063e+01
2.630000000000000000e+02 -1.404044097935219426e+01 -1.020087681355693476e+01 1.926926941384350656e+01 -3.533616072000841157e+00 -5.024328798103555016e+01 -2.224188247927948581e+01
2.640000000000000000e+02 -1.402001194377514715e+01 -9.572671958927903901e+00 1.930094085848204344e+01 -5.011645026656446511e+00 -5.029985455958065899e+01 -2.231805138296060775e+01
2.650000000000000000e+02 -1.398346202500879265e+01 -8.955191176733373837e+00 1.933216281391343472e+01 -6.501442986346428476e+00 -5.030018077958605716e+01 -2.238029827170501207e+01
2.660000000000000000e+02 -1.393130715520434038e+01 -8.348665460673895922e+00 1.936297587091513606e+01 -8.000740655576588978e+00 -5.024316684618642626e+01 -2.242815513155641227e+01
2.670000000000000000e+02 -1.386405859303273402e+01 -7.753308995333798137e+00 1.939342009852383342e+01 -9.507182221478259976e+00 -5.012780709965868908e+01 -2.246115963637285162e+01
2.680000000000000000e+02 -1.378222262934274234e+01 -7.169319766220925594e+00 1.942353502774836826e+01 -1.101832889990215492e+01 -4.995319650746863260e+01 -2.247885653810061513e+01
2.690000000000000000e+02 -1.368630032285051179e+01 -6.596880157729835936e+00 1.945335963739362484e+01 -1.253166296424385173e+01 -4.971853707438508252e+01 -2.248079910337185794e+01
2.700000000000000000e+02 -1.357678726433795546e+01 -6.036157538426508040e+00 1.948293234186197509e+01 -1.404459226340167888e+01 -4.942314413474002066e+01 -2.246655059265900434e+01
2.710000000000000000e+02 -1.345417336787919993e+01 -5.487304833132713888e+00 1.951229098080416335e+01 -1.555445523265006891e+01 -4.906645248943994631e+01 -2.243568577773646311e+01
2.720000000000000000e+02 -1.331894268765745082e+01 -4.950461081363631166e+00 1.954147281049612417e+01 -1.705852639838388285e+01 -4.864802234904921363e+01 -2.238779249271619776e+01
2.730000000000000000e+02 -1.317157325897858478e+01 -4.425751981740910779e+00 1.957051449682328936e+01 -1.855402237467072979e+01 -4.816754504318613783e+01 -2.232247321344047464e+01
2.740000000000000000e+02 -1.301253696213234257e+01 -3.913290422067754903e+00 1.959945210975865137e+01 -2.003810834634464655e+01 -4.762484845562519808e+01 -2.223934665953460055e+01
2.750000000000000000e+02 -1.284229940779737866e+01 -3.413176994812807230e+00 1.962832111922549316e+01 -2.150790503000413878e+01 -4.701990214391388179e+01 -2.213804941295535755e+01
2.760000000000000000e+02 -1.266131984273153854e+01 -2.925500497803480648e+00 1.965715639224057298e+01 -2.296049610076450875e+01 -4.635282210200212916e+01 -2.201823754641400299e+01
2.770000000000000000e+02 -1.247005107453401607e+01 -2.450338419980436999e+00 1.968599219123782618e+01 -2.439293606897403066e+01 -4.562387512438184700e+01 -2.187958825461863555e+01
2.780000000000000000e+02 -1.226893941431118051e+01 -1.987757412111064381e+00 1.971486217347721848e+01 -2.580225858736714528e+01 -4.483348273055364785e+01 -2.172180148086892615e+01
2.790000000000000000e+02 -1.205842463612247784e+01 -1.537813742401792805e+00 1.974379939144760954e+01 -2.718548516532264969e+01 -4.398222460930178812e+01 -2.154460153115595489e+01
2.800000000000000000e+02 -1.183893995212710593e+01 -1.100553736988372888e+00 1.977283629417684807e+01 -2.853963426304951767e+01 -4.307084154328133252e+01 -2.134773866757439009e+01
2.810000000000000000e+02 -1.161091200239547305e+01 -6.760142053175731691e-01 1.980200472936608236e+01 -2.986173073467705308e+01 -4.210023777581481852e+01 -2.113099067254920271e+01
2.820000000000000000e+02 -1.137476085839234941e+01 -2.642228504659739907e-01 1.983133594626944429e+01 -3.114881558541178919e+01 -4.107148278357328053e+01 -2.089416437512157287e+01
2.830000000000000000e+02 -1.113090003918037674e+01 1.348013355300118343e-01 1.986086059924393865e+01 -3.239795600418030119e+01 -3.998581242097863253e+01 -2.063709713033084725e+01
2.840000000000000000e+02 -1.087973653943369357e+01 5.210476912329201626e-01 1.989060875189805699e+01 -3.360625562954728451e+01 -3.884462940471921399e+01 -2.035965824257957735e+01
2.850000000000000000e+02 -1.062167086839087915e+01 8.945135201292625515e-01 1.992060988177103198e+01 -3.477086500322200635e+01 -3.764950310971043024e+01 -2.006175032377870693e+01
2.860000000000000000e+02 -1.035709709891590080e+01 1.255203739577096522e+00 1.995089288547831075e+01 -3.588899216218432286e+01 -3.640216865115682765e+01 -1.974331057704710446e+01
2.870000000000000000e+02 -1.008640292587249654e+01 1.603130544215451092e+00 1.998148608426147277e+01 -3.695791331742199048e+01 -3.510452523105924882e+01 -1.940431199678352669e+01
2.880000000000000000e+02 -9.809969733054860086e+00 1.938313083658118163e+00 2.001241722988472205e+01 -3.797498356451018253e+01 -3.375863373155997493e+01 -1.904476447605000544e+01
2.890000000000000000e+02 -9.528172667951793073e+00 2.260777154281460088e+00 2.004371351082214403e+01 -3.893764756882776368e+01 -3.236671354188781891e+01 -1.866471581239629174e+01
2.900000000000000000e+02 -9.241380723656144269e+00 2.570554904903599613e+00 2.007540155868343845e+01 -3.984345016613340817e+01 -3.093113861034878553e+01 -1.826425260352923274e+01
2.910000000000000000e+02 -8.949956827263791936e+00 2.867684556142627628e+00 2.010750745482806323e+01 -4.069004681755212971e+01 -2.945443271775605609e+01 -1.784350102457910126e+01
2.920000000000000000e+02 -8.654257934137831398e+00 3.152210133233050104e+00 2.014005673712045308e+01 -4.147521385679142014e+01 -2.793926397388215221e+01 -1.740262747914542985e+01
2.930000000000000000e+02 -8.354635127444101528e+00 3.424181212072824554e+00 2.017307440678139940e+01 -4.219685846663939088e+01 -2.638843854389689980e+01 -1.694183911681267318e+01
2.940000000000000000e+02 -8.051433722392440373e+00 3.683652678268203307e+00 2.020658493529269251e+01 -4.285302832153307406e+01 -2.480489361728469788e+01 -1.646138421041171185e+01
2.950000000000000000e+02 -7.744993374646676365e+00 3.930684498938893601e+00 2.024061227131474539e+01 -4.344192083323711984e+01 -2.319168963736870737e+01 -1.596155238696574763e+01
2.960000000000000000e+02 -7.435648192391401068e+00 4.165341507043915925e+00 2.027517984757839287e+01 -4.396189193746639745e+01 -2.155200181524048020e+01 -1.544267470698959777e+01
2.970000000000000000e+02 -7.123726851569927021e+00 4.387693197985746529e+00 2.031031058771440811e+01 -4.441146436063176139e+01 -1.988911095756934699e+01 -1.490512358761602663e+01
2.980000000000000000e+02 -6.809552713830721693e+00 4.597813538250143495e+00 2.034602691298586308e+01 -4.478933530778927263e+01 -1.820639364336164689e+01 -1.434931256588336801e+01
2.990000000000000000e+02 -6.493443946742599060e+00 4.795780785838601901e+00 2.038235074889010434e+01 -4.509438351533528788e+01 -1.650731179021929407e+01 -1.377569589944108586e+01
3.000000000000000000e+02 -6.175713645860327894e+00 4.981677322251242934e+00 2.041930353159878564e+01 -4.532567561500335529e+01 -1.479540165593715706e+01 -1.318476800289987416e+01
3.010000000000000000e+02 -5.856669958242426866e+00 5.155589495779386411e+00 2.045690621420583710e+01 -4.548247175926729824e+01 -1.307426232632248819e+01 -1.257706271906435802e+01
3.020000000000000000e+02 -5.536616207041789472e+00 5.317607475869186473e+00 2.049517927275446993e+01 -4.556423046232595198e+01 -1.134754374486010420e+01 -1.195315242533231626e+01
3.030000000000000000e+02 -5.215851016808100482e+00 5.467825118320214450e+00 2.053414271201594232e+01 -4.557061261540264496e+01 -9.618934344228557975e+00 -1.131364697661515351e+01
3.040000000000000000e+02 -4.894668439157090489e+00 5.606339841086126263e+00 2.057381607099342702e+01 -4.550148464010732141e+01 -7.892148343632756635e+00 -1.065919248721676560e+01
3.050000000000000000e+02 -4.573358078477906652e+00 5.733252510447979233e+00 2.061421842812585581e+01 -4.535692074904087434e+01 -6.170912779418243232e+00 -9.990469955198161500e+00
3.060000000000000000e+02 -4.252205217364185330e+00 5.848667337334673810e+00 2.065536840616745806e+01 -4.513720428862070122e+01 -4.458954339417307899e+00 -9.308193733837258677e+00
3.070000000000000000e+02 -3.931490941467670641e+00 5.952691783569299844e+00 2.069728417671942822e+01 -4.484282814522214267e+01 -2.759986073905956960e+00 -8.613109855857684849e+00
3.080000000000000000e+02 -3.611492263486387078e+00 6.045436477824449817e+00 2.073998346439146800e+01 -4.447449420210874393e+01 -1.077694057896962931e+00 -7.905994217140639435e+00
3.090000000000000000e+02 -3.292482246010234093e+00 6.127015141074137361e+00 2.078348355057091013e+01 -4.403311184119676369e+01 5.842759192843129945e-01 -7.187650627631529510e+00
3.100000000000000000e+02 -2.974730122957514045e+00 6.197544521335031753e+00 2.082780127677862936e+01 -4.351979549040832751e+01 2.222331560608812318e+00 -6.458908738105293423e+00
3.110000000000000000e+02 -2.658501419345922656e+00 6.257144337494164432e+00 2.087295304759098258e+01 -4.293586122414073714e+01 3.832947087671542352e+00 -5.720621852347351322e+00
3.120000000000000000e+02 -2.344058069149576706e+00 6.305937232025514483e+00 2.091895483310781501e+01 -4.228282243115059202e+01 5.412676011003600074e+00 -4.973664635131395784e+00
3.130000000000000000e+02 -2.031658531001847123e+00 6.344048732402565172e+00 2.096582217094687906e+01 -4.156238457084625537e+01 6.958163570019817001e+00 -4.218930727123320956e+00
3.140000000000000000e+02 -1.721557901510480271e+00 6.371607221018897427e+00 2.101357016774548825e+01 -4.077643904553905685e+01 8.466158770290615365e+00 -3.457330278504883836e+00
3.150000000000000000e+02 -1.414008025957529613e+00 6.388743913433751587e+00 2.106221350015070826e+01 -3.992705622254312914e+01 9.933525948495134372e+00 -2.689787413681825612e+00
3.160000000000000000e+02 -1.109257606162074916e+00 6.395592844764058427e+00 2.111176641527946174e+01 -3.901647764608112823e+01 1.135725579868671353e+01 -1.917237639916365755e+00
3.170000000000000000e+02 -8.075523052876273367e-01 6.392290864049038568e+00 2.116224273063012262e+01 -3.804710748467527281e+01 1.273447579735256063e+01 -1.140625213094892620e+00
3.180000000000000000e+02 -5.091348493805709641e-01 6.378977636417943131e+00 2.121365583342779360e+01 -3.702150326503004152e+01 1.406245996912818086e+01 -3.609004741091483837e-01
3.190000000000000000e+02 -2.142451254279339468e-01 6.355795652895517733e+00 2.126601867938508761e+01 -3.594236594828166176e+01 1.533863793990146895e+01 4.209828305155720041e-01
3.200000000000000000e+02 7.687972427404832221e-02 6.322890247683753628e+00 2.131934379086062492e+01 -3.481252940886156466e+01 1.656060322934334295e+01 1.204070230062195490e+00
3.210000000000000000e+02 3.640052116484955302e-01 6.280409622762167743e+00 2.137364325439746082e+01 -3.363494938004341606e+01 1.772612074058915610e+01 1.987409199514565517e+00
3.220000000000000000e+02 6.468994164700900829e-01 6.228504879652115633e+00 2.142892871762383677e+01 -3.241269193349301503e+01 1.883313341079541914e+01 2.770051804451094668e+00
3.230000000000000000e+02 9.253329043076384819e-01 6.167330058193567055e+00 2.148521138549813614e+01 -3.114892156277686652e+01 1.987976799255248395e+01 3.551057307766939175e+00
3.240000000000000000e+02 1.199078648984098550e+00 6.097042182185641757e+00 2.154250201588073921e+01 -2.984688894280121119e+01 2.086433994257409097e+01 4.329494725429284152e+00
3.250000000000000000e+02 1.467911959762410845e+00 6.017801311744044312e+00 2.160081091441463030e+01 -2.850991843852337837e+01 2.178535740064588211e+01 5.104445318947050225e+00
3.260000000000000000e+02 1.731610413466942999e+00 5.929770602230594712e+00 2.166014792869674821e+01 -2.714139543701039514e+01 2.264152424842155042e+01 5.875005012801093329e+00
3.270000000000000000e+02 1.989953791753060752e+00 5.833116369611293983e+00 2.172052244172240520e+01 -2.574475357700648104e+01 2.343174224424822683e+01 6.640286725733016482e+00
3.280000000000000000e+02 2.242724023739689265e+00 5.728008162100097778e+00 2.178194336458424729e+01 -2.432346194963262320e+01 2.415511223670663910e+01 7.399422605516777551e+00
3.290000000000000000e+02 2.489705134223938021e+00 5.614618837945944740e+00 2.184441912840778244e+01 -2.288101234268701489e+01 2.481093446590952922e+01 8.151566157633684639e+00
3.300000000000000000e+02 2.730683197699495857e+00 5.493124649220383127e+00 2.190795767550476825e+01 -2.142090659928296859e+01 2.539870796774700423e+01 8.895894259123089398e+00
3.310000000000000000e+02 2.965446298406412939e+00 5.363705331462019998e+00 2.197256644972614126e+01 -1.994664415926012779e+01 2.591812910215039523e+01 9.631609049788362853e+00
3.320000000000000000e+02 3.193784496643400139e+00 5.226544199032899130e+00 2.203825238599544178e+01 -1.846170984900246381e+01 2.636908923200468280e+01 1.035793969387736801e+01
3.330000000000000000e+02 3.415489801580138263e+00 5.081828246039490793e+00 2.210502189900430992e+01 -1.696956198200411592e+01 2.675167158453831462e+01 1.107414400633310692e+01
3.340000000000000000e+02 3.630356150811967719e+00 4.929748252668265884e+00 2.217288087105046657e+01 -1.547362082881352663e+01 2.706614733180603238e+01 1.177950993870088325e+01
3.350000000000000000e+02 3.838179396906062468e+00 4.770498896782346065e+00 2.224183463899950652e+01 -1.397725751088962021e+01 2.731297093122925190e+01 1.247335692078265446e+01
3.360000000000000000e+02 4.038757301194494609e+00 4.604278870621042685e+00 2.231188798035080367e+01 -1.248378336848278458e+01 2.749277477103397516e+01 1.315503705513238941e+01
3.370000000000000000e+02 4.231889535076131637e+00 4.431291002439746940e+00 2.238304509838846101e+01 -1.099643984796530738e+01 2.760636316881062058e+01 1.382393616247872714e+01
3.380000000000000000e+02 4.417377689097111038e+00 4.251742382920534524e+00 2.245530960639751328e+01 -9.518388949120218712e+00 2.765470577429536547e+01 1.447947467714021386e+01
3.390000000000000000e+02 4.595025290086094394e+00 4.065844496178339540e+00 2.252868451092617974e+01 -8.052704267838358021e+00 2.763893042982998338e+01 1.512110839244446581e+01
3.400000000000000000e+02 4.764637826629336104e+00 3.873813355178509443e+00 2.260317219407417255e+01 -6.602362664491368882e+00 2.756031554379468318e+01 1.574832905708201380e+01
3.410000000000000000e+02 4.926022783177270270e+00 3.675869641373974872e+00 2.267877439478790080e+01 -5.170236583033838151e+00 2.742028203362811212e+01 1.636066482419673918e+01
3.420000000000000000e+02 5.078989683083466211e+00 3.472238848359564756e+00 2.275549218914283855e+01 -3.759087040660018531e+00 2.722038489586027765e+01 1.695768055584517597e+01
3.430000000000000000e+02 5.223350140883914250e+00 3.263151429331256903e+00 2.283332596959380112e+01 -2.371557302679584200e+00 2.696230446090199706e+01 1.753897798622830706e+01
3.440000000000000000e+02 5.358917924133931088e+00 3.048842948125257024e+00 2.291227542317379928e+01 -1.010167252201030763e+00 2.664783739017713415e+01 1.810419574781965579e+01
3.450000000000000000e+02 5.485509025127355720e+00 2.829554233599555157e+00 2.299233950862247511e+01 3.226915407090623633e-01 2.627888747257546598e+01 1.865300926516709978e+01
3.460000000000000000e+02 5.602941742831538008e+00 2.605531537106487328e+00 2.307351643242562389e+01 1.624760050466062866e+00 2.585745627617297160e+01 1.918513052173773659e+01
3.470000000000000000e+02 5.711036775379765729e+00 2.377026692788667628e+00 2.315580362374720025e+01 2.893915332610234703e+00 2.538563370973983879e+01 1.970030770570228995e+01
3.480000000000000000e+02 5.809617323470718908e+00 2.144297280415004892e+00 2.323919770823619046e+01 4.128173374525365702e+00 2.486558854677310748e+01 2.019832474101098541e+01
3.490000000000000000e+02 5.898509205032591574e+00 1.907606790454801304e+00 2.332369448069094275e+01 5.325691273108195567e+00 2.429955896268147342e+01 2.067900071050446087e+01
3.500000000000000000e+02 5.977540981517270424e+00 1.667224791068999901e+00 2.340928887656433233e+01 6.484768755961348496e+00 2.368984313335367631e+01 2.114218917812425858e+01
3.510000000000000000e+02 6.046544096197031593e+00 1.423427096676442183e+00 2.349597494229394812e+01 7.603849066067539297e+00 2.303878994069587804e+01 2.158777741754299484e+01
3.520000000000000000e+02 6.105353024843602761e+00 1.176495937731561359e+00 2.358374580444229096e+01 8.681519232953473164e+00 2.234878982786907287e+01 2.201568555472316291e+01
3.530000000000000000e+02 6.153805439175402903e+00 9.267201313250206240e-01 2.367259363763305302e+01 9.716509756072298387e+00 2.162226584392495354e+01 2.242586563204109851e+01
3.540000000000000000e+02 6.191742383465165034e+00 6.743952521946652290e-01 2.376250963127076687e+01 1.070769372850132051e+01 2.086166491437770532e+01 2.281830060167695251e+01
3.550000000000000000e+02 6.219008464704953276e+00 4.198238037064786488e-01 2.385348395503228502e+01 1.165408543108388173e+01 2.006944937098409554e+01 2.319300325598053902e+01
3.560000000000000000e+02 6.235452056730341752e+00 1.633153883367816084e-01 2.394550572312024528e+01 1.255483842883248791e+01 1.924808877067875912e+01 2.355001510247730323e+01
3.570000000000000000e+02 6.240925518708948516e+00 -9.481312284293852422e-02 2.403856295727011982e+01 1.340924320276283410e+01 1.840005203025650360e+01 2.388940519108112781e+01
3.580000000000000000e+02 6.235285428401089014e+00 -3.542374222100066472e-01 2.413264254850455259e+01 1.421672435136104440e+01 1.752779990003777044e+01 2.421126890093983519e+01
3.590000000000000000e+02 6.218392830601966459e+00 -6.146255997274773231e-01 2.422773021763046231e+01 1.497683739659933444e+01 1.663377779643358068e+01 2.451572669415275740e+01
0.000000000000000000e+00 6.190113501174627331e+00 -8.756379797751172589e-01 2.432381047447696787e+01 1.568926522983870697e+01 1.572040901005762947e+01 2.480292284337916087e+01
