1.000000000000000000e+00 8.300000000000000000e+01 3.279999999999999716e+01 4.629999999999999716e+01
2.000000000000000000e+00 8.429999999999999716e+01 3.189999999999999858e+01 4.650000000000000000e+01
3.000000000000000000e+00 8.529999999999999716e+01 3.080000000000000071e+01 4.729999999999999716e+01
4.000000000000000000e+00 8.609999999999999432e+01 2.950000000000000000e+01 4.760000000000000142e+01
5.000000000000000000e+00 8.700000000000000000e+01 2.819999999999999929e+01 4.720000000000000284e+01
6.000000000000000000e+00 8.790000000000000568e+01 2.710000000000000142e+01 4.679999999999999716e+01
7.000000000000000000e+00 8.890000000000000568e+01 2.619999999999999929e+01 4.650000000000000000e+01
8.000000000000000000e+00 9.009999999999999432e+01 2.480000000000000071e+01 4.629999999999999716e+01
9.000000000000000000e+00 9.129999999999999716e+01 2.369999999999999929e+01 4.610000000000000142e+01
1.000000000000000000e+01 9.209999999999999432e+01 2.250000000000000000e+01 4.620000000000000284e+01
1.100000000000000000e+01 9.270000000000000284e+01 2.139999999999999858e+01 4.629999999999999716e+01
1.200000000000000000e+01 9.350000000000000000e+01 2.030000000000000071e+01 4.589999999999999858e+01
1.300000000000000000e+01 9.370000000000000284e+01 1.880000000000000071e+01 4.539999999999999858e+01
1.400000000000000000e+01 9.359999999999999432e+01 1.789999999999999858e+01 4.529999999999999716e+01
1.500000000000000000e+01 9.400000000000000000e+01 1.689999999999999858e+01 4.550000000000000000e+01
1.600000000000000000e+01 9.470000000000000284e+01 1.580000000000000071e+01 4.579999999999999716e+01
1.700000000000000000e+01 9.529999999999999716e+01 1.459999999999999964e+01 4.600000000000000000e+01
1.800000000000000000e+01 9.520000000000000284e+01 1.369999999999999929e+01 4.560000000000000142e+01
1.900000000000000000e+01 9.550000000000000000e+01 1.280000000000000071e+01 4.539999999999999858e+01
2.000000000000000000e+01 9.609999999999999432e+01 1.169999999999999929e+01 4.539999999999999858e+01
2.100000000000000000e+01 9.659999999999999432e+01 1.050000000000000000e+01 4.520000000000000284e+01
2.200000000000000000e+01 9.650000000000000000e+01 9.300000000000000711e+00 4.510000000000000142e+01
2.300000000000000000e+01 9.620000000000000284e+01 8.500000000000000000e+00 4.489999999999999858e+01
2.400000000000000000e+01 9.590000000000000568e+01 7.599999999999999645e+00 4.450000000000000000e+01
2.500000000000000000e+01 9.550000000000000000e+01 6.500000000000000000e+00 4.429999999999999716e+01
2.600000000000000000e+01 9.509999999999999432e+01 5.700000000000000178e+00 4.400000000000000000e+01
2.700000000000000000e+01 9.540000000000000568e+01 4.900000000000000355e+00 4.370000000000000284e+01
2.800000000000000000e+01 9.550000000000000000e+01 4.000000000000000000e+00 4.360000000000000142e+01
2.900000000000000000e+01 9.559999999999999432e+01 2.899999999999999911e+00 4.360000000000000142e+01
3.000000000000000000e+01 9.570000000000000284e+01 1.899999999999999911e+00 4.370000000000000284e+01
3.100000000000000000e+01 9.559999999999999432e+01 9.000000000000000222e-01 4.370000000000000284e+01
3.200000000000000000e+01 9.570000000000000284e+01 2.999999999999999889e-01 4.360000000000000142e+01
3.300000000000000000e+01 9.559999999999999432e+01 -5.000000000000000000e-01 4.350000000000000000e+01
3.400000000000000000e+01 9.490000000000000568e+01 -1.300000000000000044e+00 4.339999999999999858e+01
3.500000000000000000e+01 9.470000000000000284e+01 -2.100000000000000089e+00 4.320000000000000284e+01
3.600000000000000000e+01 9.450000000000000000e+01 -2.700000000000000178e+00 4.300000000000000000e+01
3.700000000000000000e+01 9.379999999999999716e+01 -3.299999999999999822e+00 4.310000000000000142e+01
3.800000000000000000e+01 9.259999999999999432e+01 -4.099999999999999645e+00 4.260000000000000142e+01
3.900000000000000000e+01 9.179999999999999716e+01 -4.900000000000000355e+00 4.220000000000000284e+01
4.000000000000000000e+01 9.159999999999999432e+01 -5.599999999999999645e+00 4.210000000000000142e+01
4.100000000000000000e+01 9.170000000000000284e+01 -6.299999999999999822e+00 4.220000000000000284e+01
4.200000000000000000e+01 9.179999999999999716e+01 -7.099999999999999645e+00 4.229999999999999716e+01
4.300000000000000000e+01 9.140000000000000568e+01 -7.599999999999999645e+00 4.210000000000000142e+01
4.400000000000000000e+01 9.059999999999999432e+01 -8.300000000000000711e+00 4.170000000000000284e+01
4.500000000000000000e+01 8.990000000000000568e+01 -9.000000000000000000e+00 4.139999999999999858e+01
4.600000000000000000e+01 8.970000000000000284e+01 -9.400000000000000355e+00 4.150000000000000000e+01
4.700000000000000000e+01 8.950000000000000000e+01 -1.009999999999999964e+01 4.139999999999999858e+01
4.800000000000000000e+01 8.879999999999999716e+01 -1.059999999999999964e+01 4.079999999999999716e+01
4.900000000000000000e+01 8.800000000000000000e+01 -1.130000000000000071e+01 4.050000000000000000e+01
5.000000000000000000e+01 8.740000000000000568e+01 -1.190000000000000036e+01 4.070000000000000284e+01
5.100000000000000000e+01 8.720000000000000284e+01 -1.240000000000000036e+01 4.110000000000000142e+01
5.200000000000000000e+01 8.690000000000000568e+01 -1.290000000000000036e+01 4.089999999999999858e+01
5.300000000000000000e+01 8.629999999999999716e+01 -1.350000000000000000e+01 4.079999999999999716e+01
5.400000000000000000e+01 8.520000000000000284e+01 -1.390000000000000036e+01 4.100000000000000000e+01
5.500000000000000000e+01 8.390000000000000568e+01 -1.440000000000000036e+01 4.110000000000000142e+01
5.600000000000000000e+01 8.359999999999999432e+01 -1.500000000000000000e+01 4.100000000000000000e+01
5.700000000000000000e+01 8.370000000000000284e+01 -1.569999999999999929e+01 4.089999999999999858e+01
5.800000000000000000e+01 8.329999999999999716e+01 -1.610000000000000142e+01 4.129999999999999716e+01
5.900000000000000000e+01 8.229999999999999716e+01 -1.600000000000000000e+01 4.160000000000000142e+01
6.000000000000000000e+01 8.170000000000000284e+01 -1.650000000000000000e+01 4.170000000000000284e+01
6.100000000000000000e+01 8.129999999999999716e+01 -1.700000000000000000e+01 4.139999999999999858e+01
6.200000000000000000e+01 8.079999999999999716e+01 -1.730000000000000071e+01 4.139999999999999858e+01
6.300000000000000000e+01 8.020000000000000284e+01 -1.780000000000000071e+01 4.179999999999999716e+01
6.400000000000000000e+01 7.929999999999999716e+01 -1.830000000000000071e+01 4.170000000000000284e+01
6.500000000000000000e+01 7.870000000000000284e+01 -1.860000000000000142e+01 4.189999999999999858e+01
6.600000000000000000e+01 7.840000000000000568e+01 -1.910000000000000142e+01 4.210000000000000142e+01
6.700000000000000000e+01 7.790000000000000568e+01 -1.950000000000000000e+01 4.239999999999999858e+01
6.800000000000000000e+01 7.770000000000000284e+01 -1.950000000000000000e+01 4.250000000000000000e+01
6.900000000000000000e+01 7.729999999999999716e+01 -2.000000000000000000e+01 4.270000000000000284e+01
7.000000000000000000e+01 7.629999999999999716e+01 -2.060000000000000142e+01 4.300000000000000000e+01
7.100000000000000000e+01 7.550000000000000000e+01 -2.060000000000000142e+01 4.320000000000000284e+01
7.200000000000000000e+01 7.509999999999999432e+01 -2.100000000000000000e+01 4.329999999999999716e+01
7.300000000000000000e+01 7.490000000000000568e+01 -2.139999999999999858e+01 4.339999999999999858e+01
7.400000000000000000e+01 7.500000000000000000e+01 -2.180000000000000071e+01 4.360000000000000142e+01
7.500000000000000000e+01 7.479999999999999716e+01 -2.219999999999999929e+01 4.420000000000000284e+01
7.600000000000000000e+01 7.440000000000000568e+01 -2.269999999999999929e+01 4.489999999999999858e+01
7.700000000000000000e+01 7.390000000000000568e+01 -2.300000000000000000e+01 4.529999999999999716e+01
7.800000000000000000e+01 7.359999999999999432e+01 -2.330000000000000071e+01 4.539999999999999858e+01
7.900000000000000000e+01 7.309999999999999432e+01 -2.380000000000000071e+01 4.529999999999999716e+01
8.000000000000000000e+01 7.250000000000000000e+01 -2.430000000000000071e+01 4.550000000000000000e+01
8.100000000000000000e+01 7.229999999999999716e+01 -2.480000000000000071e+01 4.579999999999999716e+01
8.200000000000000000e+01 7.200000000000000000e+01 -2.530000000000000071e+01 4.629999999999999716e+01
8.300000000000000000e+01 7.129999999999999716e+01 -2.589999999999999858e+01 4.679999999999999716e+01
8.400000000000000000e+01 7.079999999999999716e+01 -2.619999999999999929e+01 4.720000000000000284e+01
8.500000000000000000e+01 7.040000000000000568e+01 -2.680000000000000071e+01 4.770000000000000284e+01
8.600000000000000000e+01 6.990000000000000568e+01 -2.750000000000000000e+01 4.779999999999999716e+01
8.700000000000000000e+01 6.940000000000000568e+01 -2.780000000000000071e+01 4.800000000000000000e+01
8.800000000000000000e+01 6.900000000000000000e+01 -2.839999999999999858e+01 4.870000000000000284e+01
8.900000000000000000e+01 6.850000000000000000e+01 -2.889999999999999858e+01 4.939999999999999858e+01
9.000000000000000000e+01 6.820000000000000284e+01 -2.969999999999999929e+01 5.000000000000000000e+01
9.100000000000000000e+01 6.770000000000000284e+01 -3.019999999999999929e+01 5.029999999999999716e+01
9.200000000000000000e+01 6.690000000000000568e+01 -3.080000000000000071e+01 5.050000000000000000e+01
9.300000000000000000e+01 6.600000000000000000e+01 -3.139999999999999858e+01 5.050000000000000000e+01
9.400000000000000000e+01 6.559999999999999432e+01 -3.200000000000000000e+01 5.050000000000000000e+01
9.500000000000000000e+01 6.490000000000000568e+01 -3.270000000000000284e+01 5.070000000000000284e+01
9.600000000000000000e+01 6.409999999999999432e+01 -3.310000000000000142e+01 5.100000000000000000e+01
9.700000000000000000e+01 6.329999999999999716e+01 -3.360000000000000142e+01 5.170000000000000284e+01
9.800000000000000000e+01 6.260000000000000142e+01 -3.439999999999999858e+01 5.279999999999999716e+01
9.900000000000000000e+01 6.160000000000000142e+01 -3.529999999999999716e+01 5.379999999999999716e+01
1.000000000000000000e+02 6.079999999999999716e+01 -3.579999999999999716e+01 5.410000000000000142e+01
1.010000000000000000e+02 6.060000000000000142e+01 -3.639999999999999858e+01 5.429999999999999716e+01
1.020000000000000000e+02 5.970000000000000284e+01 -3.710000000000000142e+01 5.460000000000000142e+01
1.030000000000000000e+02 5.810000000000000142e+01 -3.789999999999999858e+01 5.450000000000000000e+01
1.040000000000000000e+02 5.710000000000000142e+01 -3.829999999999999716e+01 5.460000000000000142e+01
1.050000000000000000e+02 5.620000000000000284e+01 -3.900000000000000000e+01 5.479999999999999716e+01
1.060000000000000000e+02 5.510000000000000142e+01 -3.960000000000000142e+01 5.520000000000000284e+01
1.070000000000000000e+02 5.389999999999999858e+01 -4.010000000000000142e+01 5.550000000000000000e+01
1.080000000000000000e+02 5.260000000000000142e+01 -4.089999999999999858e+01 5.589999999999999858e+01
1.090000000000000000e+02 5.160000000000000142e+01 -4.139999999999999858e+01 5.650000000000000000e+01
1.100000000000000000e+02 5.070000000000000284e+01 -4.189999999999999858e+01 5.729999999999999716e+01
1.110000000000000000e+02 4.979999999999999716e+01 -4.239999999999999858e+01 5.789999999999999858e+01
1.120000000000000000e+02 4.850000000000000000e+01 -4.300000000000000000e+01 5.829999999999999716e+01
1.130000000000000000e+02 4.700000000000000000e+01 -4.350000000000000000e+01 5.839999999999999858e+01
1.140000000000000000e+02 4.560000000000000142e+01 -4.389999999999999858e+01 5.870000000000000284e+01
1.150000000000000000e+02 4.379999999999999716e+01 -4.439999999999999858e+01 5.920000000000000284e+01
1.160000000000000000e+02 4.239999999999999858e+01 -4.479999999999999716e+01 5.950000000000000000e+01
1.170000000000000000e+02 4.110000000000000142e+01 -4.520000000000000284e+01 6.000000000000000000e+01
1.180000000000000000e+02 3.929999999999999716e+01 -4.550000000000000000e+01 6.050000000000000000e+01
1.190000000000000000e+02 3.800000000000000000e+01 -4.560000000000000142e+01 6.060000000000000142e+01
1.200000000000000000e+02 3.660000000000000142e+01 -4.600000000000000000e+01 6.070000000000000284e+01
1.210000000000000000e+02 3.520000000000000284e+01 -4.639999999999999858e+01 6.100000000000000000e+01
1.220000000000000000e+02 3.370000000000000284e+01 -4.670000000000000284e+01 6.150000000000000000e+01
1.230000000000000000e+02 3.270000000000000284e+01 -4.689999999999999858e+01 6.179999999999999716e+01
1.240000000000000000e+02 3.130000000000000071e+01 -4.729999999999999716e+01 6.260000000000000142e+01
1.250000000000000000e+02 2.939999999999999858e+01 -4.729999999999999716e+01 6.329999999999999716e+01
1.260000000000000000e+02 2.750000000000000000e+01 -4.720000000000000284e+01 6.379999999999999716e+01
1.270000000000000000e+02 2.580000000000000071e+01 -4.710000000000000142e+01 6.379999999999999716e+01
1.280000000000000000e+02 2.430000000000000071e+01 -4.729999999999999716e+01 6.379999999999999716e+01
1.290000000000000000e+02 2.269999999999999929e+01 -4.760000000000000142e+01 6.409999999999999432e+01
1.300000000000000000e+02 2.110000000000000142e+01 -4.739999999999999858e+01 6.459999999999999432e+01
1.310000000000000000e+02 1.930000000000000071e+01 -4.739999999999999858e+01 6.520000000000000284e+01
1.320000000000000000e+02 1.730000000000000071e+01 -4.710000000000000142e+01 6.590000000000000568e+01
1.330000000000000000e+02 1.590000000000000036e+01 -4.710000000000000142e+01 6.629999999999999716e+01
1.340000000000000000e+02 1.480000000000000071e+01 -4.689999999999999858e+01 6.659999999999999432e+01
1.350000000000000000e+02 1.319999999999999929e+01 -4.700000000000000000e+01 6.690000000000000568e+01
1.360000000000000000e+02 1.140000000000000036e+01 -4.650000000000000000e+01 6.709999999999999432e+01
1.370000000000000000e+02 1.000000000000000000e+01 -4.589999999999999858e+01 6.729999999999999716e+01
1.380000000000000000e+02 8.099999999999999645e+00 -4.560000000000000142e+01 6.770000000000000284e+01
1.390000000000000000e+02 6.099999999999999645e+00 -4.550000000000000000e+01 6.800000000000000000e+01
1.400000000000000000e+02 4.400000000000000355e+00 -4.500000000000000000e+01 6.820000000000000284e+01
1.410000000000000000e+02 3.000000000000000000e+00 -4.439999999999999858e+01 6.840000000000000568e+01
1.420000000000000000e+02 1.600000000000000089e+00 -4.389999999999999858e+01 6.870000000000000284e+01
1.430000000000000000e+02 1.000000000000000056e-01 -4.339999999999999858e+01 6.890000000000000568e+01
1.440000000000000000e+02 -1.500000000000000000e+00 -4.289999999999999858e+01 6.920000000000000284e+01
1.450000000000000000e+02 -3.000000000000000000e+00 -4.229999999999999716e+01 6.940000000000000568e+01
1.460000000000000000e+02 -4.599999999999999645e+00 -4.160000000000000142e+01 6.940000000000000568e+01
1.470000000000000000e+02 -6.500000000000000000e+00 -4.089999999999999858e+01 6.950000000000000000e+01
1.480000000000000000e+02 -8.300000000000000711e+00 -4.010000000000000142e+01 6.990000000000000568e+01
1.490000000000000000e+02 -9.099999999999999645e+00 -3.929999999999999716e+01 7.000000000000000000e+01
1.500000000000000000e+02 -9.800000000000000711e+00 -3.850000000000000000e+01 7.029999999999999716e+01
1.510000000000000000e+02 -1.100000000000000000e+01 -3.770000000000000284e+01 7.059999999999999432e+01
1.520000000000000000e+02 -1.209999999999999964e+01 -3.660000000000000142e+01 7.070000000000000284e+01
1.530000000000000000e+02 -1.319999999999999929e+01 -3.539999999999999858e+01 7.079999999999999716e+01
1.540000000000000000e+02 -1.500000000000000000e+01 -3.479999999999999716e+01 7.079999999999999716e+01
1.550000000000000000e+02 -1.650000000000000000e+01 -3.400000000000000000e+01 7.079999999999999716e+01
1.560000000000000000e+02 -1.780000000000000071e+01 -3.310000000000000142e+01 7.090000000000000568e+01
1.570000000000000000e+02 -1.889999999999999858e+01 -3.200000000000000000e+01 7.109999999999999432e+01
1.580000000000000000e+02 -1.989999999999999858e+01 -3.089999999999999858e+01 7.150000000000000000e+01
1.590000000000000000e+02 -2.080000000000000071e+01 -3.000000000000000000e+01 7.150000000000000000e+01
1.600000000000000000e+02 -2.150000000000000000e+01 -2.910000000000000142e+01 7.109999999999999432e+01
1.610000000000000000e+02 -2.210000000000000142e+01 -2.819999999999999929e+01 7.079999999999999716e+01
1.620000000000000000e+02 -2.250000000000000000e+01 -2.719999999999999929e+01 7.090000000000000568e+01
1.630000000000000000e+02 -2.319999999999999929e+01 -2.630000000000000071e+01 7.100000000000000000e+01
1.640000000000000000e+02 -2.419999999999999929e+01 -2.530000000000000071e+01 7.109999999999999432e+01
1.650000000000000000e+02 -2.500000000000000000e+01 -2.439999999999999858e+01 7.120000000000000284e+01
1.660000000000000000e+02 -2.589999999999999858e+01 -2.330000000000000071e+01 7.129999999999999716e+01
1.670000000000000000e+02 -2.660000000000000142e+01 -2.239999999999999858e+01 7.140000000000000568e+01
1.680000000000000000e+02 -2.710000000000000142e+01 -2.150000000000000000e+01 7.109999999999999432e+01
1.690000000000000000e+02 -2.739999999999999858e+01 -2.039999999999999858e+01 7.090000000000000568e+01
1.700000000000000000e+02 -2.750000000000000000e+01 -1.960000000000000142e+01 7.059999999999999432e+01
1.710000000000000000e+02 -2.800000000000000000e+01 -1.869999999999999929e+01 6.979999999999999716e+01
1.720000000000000000e+02 -2.860000000000000142e+01 -1.800000000000000000e+01 6.950000000000000000e+01
1.730000000000000000e+02 -2.900000000000000000e+01 -1.710000000000000142e+01 6.950000000000000000e+01
1.740000000000000000e+02 -2.930000000000000071e+01 -1.610000000000000142e+01 6.940000000000000568e+01
1.750000000000000000e+02 -2.919999999999999929e+01 -1.530000000000000071e+01 6.920000000000000284e+01
1.760000000000000000e+02 -2.889999999999999858e+01 -1.480000000000000071e+01 6.890000000000000568e+01
1.770000000000000000e+02 -2.910000000000000142e+01 -1.390000000000000036e+01 6.900000000000000000e+01
1.780000000000000000e+02 -2.960000000000000142e+01 -1.300000000000000000e+01 6.879999999999999716e+01
1.790000000000000000e+02 -3.010000000000000142e+01 -1.230000000000000071e+01 6.850000000000000000e+01
1.800000000000000000e+02 -3.039999999999999858e+01 -1.180000000000000071e+01 6.809999999999999432e+01
1.810000000000000000e+02 -3.010000000000000142e+01 -1.119999999999999929e+01 6.779999999999999716e+01
1.820000000000000000e+02 -3.000000000000000000e+01 -1.030000000000000071e+01 6.700000000000000000e+01
1.830000000000000000e+02 -3.039999999999999858e+01 -9.800000000000000711e+00 6.620000000000000284e+01
1.840000000000000000e+02 -3.060000000000000142e+01 -9.500000000000000000e+00 6.579999999999999716e+01
1.850000000000000000e+02 -3.030000000000000071e+01 -9.000000000000000000e+00 6.579999999999999716e+01
1.860000000000000000e+02 -3.050000000000000000e+01 -8.500000000000000000e+00 6.550000000000000000e+01
1.870000000000000000e+02 -3.080000000000000071e+01 -8.099999999999999645e+00 6.500000000000000000e+01
1.880000000000000000e+02 -3.119999999999999929e+01 -7.500000000000000000e+00 6.490000000000000568e+01
1.890000000000000000e+02 -3.100000000000000000e+01 -7.000000000000000000e+00 6.490000000000000568e+01
1.900000000000000000e+02 -3.019999999999999929e+01 -6.799999999999999822e+00 6.420000000000000284e+01
1.910000000000000000e+02 -2.989999999999999858e+01 -6.400000000000000355e+00 6.310000000000000142e+01
1.920000000000000000e+02 -3.000000000000000000e+01 -6.099999999999999645e+00 6.270000000000000284e+01
1.930000000000000000e+02 -3.010000000000000142e+01 -5.900000000000000355e+00 6.289999999999999858e+01
1.940000000000000000e+02 -2.980000000000000071e+01 -5.599999999999999645e+00 6.279999999999999716e+01
1.950000000000000000e+02 -2.989999999999999858e+01 -5.299999999999999822e+00 6.189999999999999858e+01
1.960000000000000000e+02 -2.980000000000000071e+01 -4.900000000000000355e+00 6.110000000000000142e+01
1.970000000000000000e+02 -2.980000000000000071e+01 -4.799999999999999822e+00 6.050000000000000000e+01
1.980000000000000000e+02 -2.960000000000000142e+01 -4.700000000000000178e+00 6.029999999999999716e+01
1.990000000000000000e+02 -2.950000000000000000e+01 -4.500000000000000000e+00 5.970000000000000284e+01
2.000000000000000000e+02 -3.000000000000000000e+01 -4.299999999999999822e+00 5.889999999999999858e+01
2.010000000000000000e+02 -3.030000000000000071e+01 -4.200000000000000178e+00 5.889999999999999858e+01
2.020000000000000000e+02 -3.039999999999999858e+01 -4.200000000000000178e+00 5.879999999999999716e+01
2.030000000000000000e+02 -3.039999999999999858e+01 -4.200000000000000178e+00 5.829999999999999716e+01
2.040000000000000000e+02 -3.019999999999999929e+01 -4.099999999999999645e+00 5.789999999999999858e+01
2.050000000000000000e+02 -3.000000000000000000e+01 -3.799999999999999822e+00 5.760000000000000142e+01
2.060000000000000000e+02 -2.989999999999999858e+01 -4.000000000000000000e+00 5.710000000000000142e+01
2.070000000000000000e+02 -3.010000000000000142e+01 -3.899999999999999911e+00 5.650000000000000000e+01
2.080000000000000000e+02 -3.030000000000000071e+01 -3.700000000000000178e+00 5.620000000000000284e+01
2.090000000000000000e+02 -3.080000000000000071e+01 -3.500000000000000000e+00 5.579999999999999716e+01
2.100000000000000000e+02 -3.080000000000000071e+01 -3.500000000000000000e+00 5.539999999999999858e+01
2.110000000000000000e+02 -3.060000000000000142e+01 -3.600000000000000089e+00 5.500000000000000000e+01
2.120000000000000000e+02 -3.039999999999999858e+01 -3.500000000000000000e+00 5.429999999999999716e+01
2.130000000000000000e+02 -3.039999999999999858e+01 -3.500000000000000000e+00 5.360000000000000142e+01
2.140000000000000000e+02 -3.060000000000000142e+01 -3.500000000000000000e+00 5.350000000000000000e+01
2.150000000000000000e+02 -3.110000000000000142e+01 -3.700000000000000178e+00 5.310000000000000142e+01
2.160000000000000000e+02 -3.119999999999999929e+01 -3.399999999999999911e+00 5.250000000000000000e+01
2.170000000000000000e+02 -3.069999999999999929e+01 -3.399999999999999911e+00 5.189999999999999858e+01
2.180000000000000000e+02 -3.069999999999999929e+01 -3.600000000000000089e+00 5.129999999999999716e+01
2.190000000000000000e+02 -3.100000000000000000e+01 -3.600000000000000089e+00 5.089999999999999858e+01
2.200000000000000000e+02 -3.119999999999999929e+01 -3.500000000000000000e+00 5.060000000000000142e+01
2.210000000000000000e+02 -3.160000000000000142e+01 -3.299999999999999822e+00 5.010000000000000142e+01
2.220000000000000000e+02 -3.239999999999999858e+01 -3.500000000000000000e+00 4.989999999999999858e+01
2.230000000000000000e+02 -3.310000000000000142e+01 -3.899999999999999911e+00 4.960000000000000142e+01
2.240000000000000000e+02 -3.329999999999999716e+01 -4.000000000000000000e+00 4.910000000000000142e+01
2.250000000000000000e+02 -3.310000000000000142e+01 -3.700000000000000178e+00 4.839999999999999858e+01
2.260000000000000000e+02 -3.310000000000000142e+01 -3.700000000000000178e+00 4.800000000000000000e+01
2.270000000000000000e+02 -3.370000000000000284e+01 -4.000000000000000000e+00 4.779999999999999716e+01
2.280000000000000000e+02 -3.420000000000000284e+01 -4.299999999999999822e+00 4.750000000000000000e+01
2.290000000000000000e+02 -3.439999999999999858e+01 -4.099999999999999645e+00 4.700000000000000000e+01
2.300000000000000000e+02 -3.429999999999999716e+01 -3.899999999999999911e+00 4.650000000000000000e+01
2.310000000000000000e+02 -3.429999999999999716e+01 -4.200000000000000178e+00 4.600000000000000000e+01
2.320000000000000000e+02 -3.429999999999999716e+01 -4.200000000000000178e+00 4.579999999999999716e+01
2.330000000000000000e+02 -3.489999999999999858e+01 -4.099999999999999645e+00 4.579999999999999716e+01
2.340000000000000000e+02 -3.570000000000000284e+01 -4.299999999999999822e+00 4.560000000000000142e+01
2.350000000000000000e+02 -3.639999999999999858e+01 -4.400000000000000355e+00 4.520000000000000284e+01
2.360000000000000000e+02 -3.639999999999999858e+01 -4.500000000000000000e+00 4.479999999999999716e+01
2.370000000000000000e+02 -3.660000000000000142e+01 -4.599999999999999645e+00 4.439999999999999858e+01
2.380000000000000000e+02 -3.739999999999999858e+01 -4.500000000000000000e+00 4.410000000000000142e+01
2.390000000000000000e+02 -3.820000000000000284e+01 -4.299999999999999822e+00 4.379999999999999716e+01
2.400000000000000000e+02 -3.900000000000000000e+01 -4.200000000000000178e+00 4.360000000000000142e+01
2.410000000000000000e+02 -3.970000000000000284e+01 -4.200000000000000178e+00 4.339999999999999858e+01
2.420000000000000000e+02 -3.979999999999999716e+01 -4.099999999999999645e+00 4.329999999999999716e+01
2.430000000000000000e+02 -4.029999999999999716e+01 -4.200000000000000178e+00 4.289999999999999858e+01
2.440000000000000000e+02 -4.139999999999999858e+01 -4.099999999999999645e+00 4.250000000000000000e+01
2.450000000000000000e+02 -4.189999999999999858e+01 -4.200000000000000178e+00 4.200000000000000000e+01
2.460000000000000000e+02 -4.200000000000000000e+01 -4.000000000000000000e+00 4.170000000000000284e+01
2.470000000000000000e+02 -4.220000000000000284e+01 -3.700000000000000178e+00 4.160000000000000142e+01
2.480000000000000000e+02 -4.310000000000000142e+01 -3.399999999999999911e+00 4.150000000000000000e+01
2.490000000000000000e+02 -4.400000000000000000e+01 -3.200000000000000178e+00 4.170000000000000284e+01
2.500000000000000000e+02 -4.470000000000000284e+01 -2.899999999999999911e+00 4.160000000000000142e+01
2.510000000000000000e+02 -4.539999999999999858e+01 -2.600000000000000089e+00 4.079999999999999716e+01
2.520000000000000000e+02 -4.610000000000000142e+01 -2.000000000000000000e+00 4.020000000000000284e+01
2.530000000000000000e+02 -4.679999999999999716e+01 -1.699999999999999956e+00 4.010000000000000142e+01
2.540000000000000000e+02 -4.760000000000000142e+01 -1.399999999999999911e+00 4.020000000000000284e+01
2.550000000000000000e+02 -4.810000000000000142e+01 -6.999999999999999556e-01 4.039999999999999858e+01
2.560000000000000000e+02 -4.850000000000000000e+01 -2.999999999999999889e-01 4.029999999999999716e+01
2.570000000000000000e+02 -4.910000000000000142e+01 2.999999999999999889e-01 3.950000000000000000e+01
2.580000000000000000e+02 -4.960000000000000142e+01 8.000000000000000444e-01 3.879999999999999716e+01
2.590000000000000000e+02 -5.020000000000000284e+01 1.399999999999999911e+00 3.889999999999999858e+01
2.600000000000000000e+02 -5.060000000000000142e+01 2.100000000000000089e+00 3.920000000000000284e+01
2.610000000000000000e+02 -5.079999999999999716e+01 2.899999999999999911e+00 3.900000000000000000e+01
2.620000000000000000e+02 -5.100000000000000000e+01 3.600000000000000089e+00 3.889999999999999858e+01
2.630000000000000000e+02 -5.139999999999999858e+01 4.200000000000000178e+00 3.889999999999999858e+01
2.640000000000000000e+02 -5.189999999999999858e+01 4.900000000000000355e+00 3.879999999999999716e+01
2.650000000000000000e+02 -5.239999999999999858e+01 5.500000000000000000e+00 3.889999999999999858e+01
2.660000000000000000e+02 -5.270000000000000284e+01 6.400000000000000355e+00 3.900000000000000000e+01
2.670000000000000000e+02 -5.229999999999999716e+01 7.000000000000000000e+00 3.839999999999999858e+01
2.680000000000000000e+02 -5.200000000000000000e+01 7.900000000000000355e+00 3.739999999999999858e+01
2.690000000000000000e+02 -5.210000000000000142e+01 8.699999999999999289e+00 3.710000000000000142e+01
2.700000000000000000e+02 -5.229999999999999716e+01 9.300000000000000711e+00 3.720000000000000284e+01
2.710000000000000000e+02 -5.250000000000000000e+01 1.019999999999999929e+01 3.739999999999999858e+01
2.720000000000000000e+02 -5.250000000000000000e+01 1.130000000000000071e+01 3.739999999999999858e+01
2.730000000000000000e+02 -5.239999999999999858e+01 1.209999999999999964e+01 3.729999999999999716e+01
2.740000000000000000e+02 -5.250000000000000000e+01 1.259999999999999964e+01 3.710000000000000142e+01
2.750000000000000000e+02 -5.220000000000000284e+01 1.330000000000000071e+01 3.700000000000000000e+01
2.760000000000000000e+02 -5.160000000000000142e+01 1.409999999999999964e+01 3.700000000000000000e+01
2.770000000000000000e+02 -5.089999999999999858e+01 1.509999999999999964e+01 3.689999999999999858e+01
2.780000000000000000e+02 -5.070000000000000284e+01 1.600000000000000000e+01 3.579999999999999716e+01
2.790000000000000000e+02 -5.070000000000000284e+01 1.650000000000000000e+01 3.460000000000000142e+01
2.800000000000000000e+02 -5.039999999999999858e+01 1.760000000000000142e+01 3.510000000000000142e+01
2.810000000000000000e+02 -4.960000000000000142e+01 1.860000000000000142e+01 3.739999999999999858e+01
2.820000000000000000e+02 -4.920000000000000284e+01 1.919999999999999929e+01 3.839999999999999858e+01
2.830000000000000000e+02 -4.850000000000000000e+01 1.980000000000000071e+01 3.779999999999999716e+01
2.840000000000000000e+02 -4.770000000000000284e+01 2.060000000000000142e+01 3.689999999999999858e+01
2.850000000000000000e+02 -4.710000000000000142e+01 2.160000000000000142e+01 3.660000000000000142e+01
2.860000000000000000e+02 -4.629999999999999716e+01 2.239999999999999858e+01 3.660000000000000142e+01
2.870000000000000000e+02 -4.579999999999999716e+01 2.300000000000000000e+01 3.600000000000000000e+01
2.880000000000000000e+02 -4.520000000000000284e+01 2.369999999999999929e+01 3.539999999999999858e+01
2.890000000000000000e+02 -4.470000000000000284e+01 2.450000000000000000e+01 3.510000000000000142e+01
2.900000000000000000e+02 -4.429999999999999716e+01 2.510000000000000142e+01 3.560000000000000142e+01
2.910000000000000000e+02 -4.329999999999999716e+01 2.589999999999999858e+01 3.670000000000000284e+01
2.920000000000000000e+02 -4.260000000000000142e+01 2.650000000000000000e+01 3.710000000000000142e+01
2.930000000000000000e+02 -4.229999999999999716e+01 2.739999999999999858e+01 3.679999999999999716e+01
2.940000000000000000e+02 -4.160000000000000142e+01 2.819999999999999929e+01 3.629999999999999716e+01
2.950000000000000000e+02 -4.050000000000000000e+01 2.880000000000000071e+01 3.620000000000000284e+01
2.960000000000000000e+02 -3.970000000000000284e+01 2.969999999999999929e+01 3.610000000000000142e+01
2.970000000000000000e+02 -3.860000000000000142e+01 3.030000000000000071e+01 3.600000000000000000e+01
2.980000000000000000e+02 -3.739999999999999858e+01 3.110000000000000142e+01 3.610000000000000142e+01
2.990000000000000000e+02 -3.670000000000000284e+01 3.180000000000000071e+01 3.620000000000000284e+01
3.000000000000000000e+02 -3.589999999999999858e+01 3.250000000000000000e+01 3.589999999999999858e+01
3.010000000000000000e+02 -3.500000000000000000e+01 3.329999999999999716e+01 3.579999999999999716e+01
3.020000000000000000e+02 -3.410000000000000142e+01 3.420000000000000284e+01 3.589999999999999858e+01
3.030000000000000000e+02 -3.310000000000000142e+01 3.479999999999999716e+01 3.610000000000000142e+01
3.040000000000000000e+02 -3.220000000000000284e+01 3.539999999999999858e+01 3.620000000000000284e+01
3.050000000000000000e+02 -3.119999999999999929e+01 3.610000000000000142e+01 3.620000000000000284e+01
3.060000000000000000e+02 -3.000000000000000000e+01 3.689999999999999858e+01 3.610000000000000142e+01
3.070000000000000000e+02 -2.850000000000000000e+01 3.789999999999999858e+01 3.620000000000000284e+01
3.080000000000000000e+02 -2.710000000000000142e+01 3.860000000000000142e+01 3.639999999999999858e+01
3.090000000000000000e+02 -2.560000000000000142e+01 3.920000000000000284e+01 3.639999999999999858e+01
3.100000000000000000e+02 -2.380000000000000071e+01 4.020000000000000284e+01 3.660000000000000142e+01
3.110000000000000000e+02 -2.269999999999999929e+01 4.100000000000000000e+01 3.670000000000000284e+01
3.120000000000000000e+02 -2.169999999999999929e+01 4.160000000000000142e+01 3.650000000000000000e+01
3.130000000000000000e+02 -1.980000000000000071e+01 4.239999999999999858e+01 3.650000000000000000e+01
3.140000000000000000e+02 -1.780000000000000071e+01 4.310000000000000142e+01 3.700000000000000000e+01
3.150000000000000000e+02 -1.639999999999999858e+01 4.389999999999999858e+01 3.720000000000000284e+01
3.160000000000000000e+02 -1.519999999999999929e+01 4.470000000000000284e+01 3.689999999999999858e+01
3.170000000000000000e+02 -1.340000000000000036e+01 4.529999999999999716e+01 3.700000000000000000e+01
3.180000000000000000e+02 -1.130000000000000071e+01 4.579999999999999716e+01 3.710000000000000142e+01
3.190000000000000000e+02 -9.400000000000000355e+00 4.660000000000000142e+01 3.750000000000000000e+01
3.200000000000000000e+02 -7.599999999999999645e+00 4.720000000000000284e+01 3.779999999999999716e+01
3.210000000000000000e+02 -5.700000000000000178e+00 4.779999999999999716e+01 3.779999999999999716e+01
3.220000000000000000e+02 -3.299999999999999822e+00 4.829999999999999716e+01 3.789999999999999858e+01
3.230000000000000000e+02 -1.600000000000000089e+00 4.870000000000000284e+01 3.789999999999999858e+01
3.240000000000000000e+02 4.000000000000000222e-01 4.929999999999999716e+01 3.770000000000000284e+01
3.250000000000000000e+02 3.200000000000000178e+00 4.950000000000000000e+01 3.789999999999999858e+01
3.260000000000000000e+02 5.500000000000000000e+00 4.960000000000000142e+01 3.829999999999999716e+01
3.270000000000000000e+02 7.000000000000000000e+00 5.000000000000000000e+01 3.839999999999999858e+01
3.280000000000000000e+02 9.199999999999999289e+00 5.060000000000000142e+01 3.850000000000000000e+01
3.290000000000000000e+02 1.200000000000000000e+01 5.079999999999999716e+01 3.900000000000000000e+01
3.300000000000000000e+02 1.450000000000000000e+01 5.070000000000000284e+01 3.939999999999999858e+01
3.310000000000000000e+02 1.680000000000000071e+01 5.060000000000000142e+01 3.960000000000000142e+01
3.320000000000000000e+02 1.900000000000000000e+01 5.110000000000000142e+01 3.950000000000000000e+01
3.330000000000000000e+02 2.169999999999999929e+01 5.129999999999999716e+01 3.939999999999999858e+01
3.340000000000000000e+02 2.419999999999999929e+01 5.110000000000000142e+01 3.920000000000000284e+01
3.350000000000000000e+02 2.630000000000000071e+01 5.089999999999999858e+01 3.950000000000000000e+01
3.360000000000000000e+02 2.860000000000000142e+01 5.060000000000000142e+01 3.989999999999999858e+01
3.370000000000000000e+02 3.060000000000000142e+01 5.060000000000000142e+01 4.000000000000000000e+01
3.380000000000000000e+02 3.229999999999999716e+01 5.050000000000000000e+01 4.010000000000000142e+01
3.390000000000000000e+02 3.529999999999999716e+01 5.010000000000000142e+01 4.050000000000000000e+01
3.400000000000000000e+02 3.839999999999999858e+01 4.950000000000000000e+01 4.070000000000000284e+01
3.410000000000000000e+02 4.070000000000000284e+01 4.929999999999999716e+01 4.050000000000000000e+01
3.420000000000000000e+02 4.270000000000000284e+01 4.879999999999999716e+01 4.039999999999999858e+01
3.430000000000000000e+02 4.489999999999999858e+01 4.810000000000000142e+01 4.060000000000000142e+01
3.440000000000000000e+02 4.739999999999999858e+01 4.760000000000000142e+01 4.100000000000000000e+01
3.450000000000000000e+02 4.950000000000000000e+01 4.689999999999999858e+01 4.129999999999999716e+01
3.460000000000000000e+02 5.139999999999999858e+01 4.639999999999999858e+01 4.150000000000000000e+01
3.470000000000000000e+02 5.360000000000000142e+01 4.570000000000000284e+01 4.170000000000000284e+01
3.480000000000000000e+02 5.579999999999999716e+01 4.500000000000000000e+01 4.179999999999999716e+01
3.490000000000000000e+02 5.750000000000000000e+01 4.420000000000000284e+01 4.179999999999999716e+01
3.500000000000000000e+02 5.950000000000000000e+01 4.320000000000000284e+01 4.179999999999999716e+01
3.510000000000000000e+02 6.170000000000000284e+01 4.210000000000000142e+01 4.150000000000000000e+01
3.520000000000000000e+02 6.420000000000000284e+01 4.139999999999999858e+01 4.160000000000000142e+01
3.530000000000000000e+02 6.650000000000000000e+01 4.060000000000000142e+01 4.179999999999999716e+01
3.540000000000000000e+02 6.800000000000000000e+01 3.960000000000000142e+01 4.200000000000000000e+01
3.550000000000000000e+02 6.940000000000000568e+01 3.870000000000000284e+01 4.200000000000000000e+01
3.560000000000000000e+02 7.079999999999999716e+01 3.760000000000000142e+01 4.210000000000000142e+01
3.570000000000000000e+02 7.220000000000000284e+01 3.650000000000000000e+01 4.170000000000000284e+01
3.580000000000000000e+02 7.350000000000000000e+01 3.539999999999999858e+01 4.170000000000000284e+01
3.590000000000000000e+02 7.500000000000000000e+01 3.410000000000000142e+01 4.189999999999999858e+01
0.000000000000000000e+00 7.670000000000000284e+01 3.320000000000000284e+01 4.239999999999999858e+01
